-19.04250000  17.22000000   0.70000000 
-19.03250000  18.34000000   0.87850000 
-19.02250000  18.85000000   1.06500000 
-19.01250000  19.25000000   1.25500000 
-19.00250000  18.76000000   1.44500000 
-18.99250000  18.50000000   1.63100000 
-18.98250000  18.53000000   1.81600000 
-18.97250000  18.53000000   2.00200000 
-18.96250000  15.30000000   2.17100000 
-18.95250000  12.55000000   2.31000000 
-18.94250000  11.68000000   2.42600000 
-18.93250000  14.52000000   2.55800000 
-18.92250000  16.77000000   2.71500000 
-18.91250000  18.43000000   2.89100000 
-18.90250000  19.51000000   3.08100000 
-18.89250000  19.45000000   3.27900000 
-18.88250000  17.72000000   3.46400000 
-18.87250000  15.60000000   3.63200000 
-18.86250000  11.87000000   3.77000000 
-18.85250000   8.95300000   3.87300000 
-18.84250000   7.16700000   3.95300000 
-18.83250000   6.50900000   4.02000000 
-18.82250000   6.78000000   4.08600000 
-18.81250000   8.24900000   4.15900000 
-18.80250000  10.66000000   4.25400000 
-18.79250000  13.39000000   4.37400000 
-18.78250000  16.45000000   4.52200000 
-18.77250000  49.36000000   4.91000000 
-18.76250000  36.27000000   5.29600000 
-18.75250000  31.98000000   5.63900000 
-18.74250000  25.71000000   5.92800000 
-18.73250000  18.91000000   6.15200000 
-18.72250000  28.31000000   6.32800000 
-18.71250000  32.91000000   6.63200000 
-18.70250000  34.88000000   6.97500000 
-18.69250000  33.48000000   7.31900000 
-18.68250000  28.27000000   7.63400000 
-18.67250000  15.96000000   7.85200000 
-18.66250000  11.26000000   7.97600000 
-18.65250000  11.61000000   8.08900000 
-18.64250000  13.46000000   8.21300000 
-18.63250000  20.98000000   8.38700000 
-18.62250000  28.62000000   8.63300000 
-18.61250000  26.92000000   8.92400000 
-18.60250000  24.67000000   9.17700000 
-18.59250000  23.35000000   9.41800000 
-18.58250000  21.63000000   9.64300000 
-18.57250000  19.63000000   9.84900000 
-18.56250000  17.47000000  10.04000000 
-18.55250000  15.61000000  10.20000000 
-18.54250000  14.44000000  10.35000000 
-18.53250000  13.13000000  10.49000000 
-18.52250000  18.35000000  10.64000000 
-18.51250000  26.68000000  10.86000000 
-18.50250000  27.45000000  11.15000000 
-18.49250000  25.13000000  11.41000000 
-18.48250000  24.52000000  11.65000000 
-18.47250000  26.18000000  11.90000000 
-18.46250000  28.91000000  12.18000000 
-18.45250000  31.95000000  12.48000000 
-18.44250000  32.46000000  12.81000000 
-18.43250000  32.50000000  13.13000000 
-18.42250000  32.44000000  13.46000000 
-18.41250000  33.04000000  13.79000000 
-18.40250000  32.72000000  14.12000000 
-18.39250000  28.68000000  14.42000000 
-18.38250000  24.10000000  14.69000000 
-18.37250000  22.20000000  14.92000000 
-18.36250000  21.75000000  15.13000000 
-18.35250000  21.53000000  15.35000000 
-18.34250000  21.48000000  15.57000000 
-18.33250000  21.57000000  15.78000000 
-18.32250000  22.91000000  16.00000000 
-18.31250000  24.90000000  16.24000000 
-18.30250000  27.72000000  16.50000000 
-18.29250000  31.28000000  16.80000000 
-18.28250000  33.70000000  17.13000000 
-18.27250000  35.50000000  17.47000000 
-18.26250000  38.25000000  17.84000000 
-18.25250000  40.03000000  18.23000000 
-18.24250000  40.06000000  18.63000000 
-18.23250000  37.94000000  19.03000000 
-18.22250000  34.29000000  19.39000000 
-18.21250000  30.38000000  19.71000000 
-18.20250000  23.38000000  19.98000000 
-18.19250000  22.77000000  20.21000000 
-18.18250000  21.12000000  20.43000000 
-18.17250000  26.21000000  20.66000000 
-18.16250000  32.31000000  20.95000000 
-18.15250000  35.74000000  21.29000000 
-18.14250000  39.35000000  21.67000000 
-18.13250000  41.52000000  22.08000000 
-18.12250000  41.24000000  22.49000000 
-18.11250000  41.27000000  22.90000000 
-18.10250000  40.73000000  23.31000000 
-18.09250000  39.58000000  23.72000000 
-18.08250000  38.70000000  24.11000000 
-18.07250000  36.90000000  24.49000000 
-18.06250000  33.67000000  24.84000000 
-18.05250000  30.71000000  25.16000000 
-18.04250000  34.92000000  25.47000000 
-18.03250000  45.72000000  25.87000000 
-18.02250000  56.43000000  26.38000000 
-18.01250000  63.76000000  26.98000000 
-18.00250000  70.23000000  27.65000000 
-17.99250000  76.71000000  28.38000000 
-17.98250000  83.36000000  29.19000000 
-17.97250000 106.90000000  30.04000000 
-17.96250000  48.57000000  30.54000000 
-17.95250000  55.93000000  31.07000000 
-17.94250000  34.16000000  31.61000000 
-17.93250000  35.77000000  31.96000000 
-17.92250000  37.77000000  32.32000000 
-17.91250000  40.47000000  32.71000000 
-17.90250000  45.26000000  33.14000000 
-17.89250000  44.99000000  33.60000000 
-17.88250000  39.61000000  34.03000000 
-17.87250000  34.35000000  34.39000000 
-17.86250000  36.99000000  34.76000000 
-17.85250000  35.47000000  35.12000000 
-17.84250000  37.07000000  35.48000000 
-17.83250000  41.72000000  35.87000000 
-17.82250000  54.44000000  36.35000000 
-17.81250000  70.02000000  36.97000000 
-17.80250000  85.76000000  37.75000000 
-17.79250000  85.68000000  38.62000000 
-17.78250000  83.36000000  39.46000000 
-17.77250000  84.20000000  40.32000000 
-17.76250000  73.07000000  41.10000000 
-17.75250000  56.31000000  41.76000000 
-17.74250000  52.49000000  42.29000000 
-17.73250000  53.67000000  42.82000000 
-17.72250000  55.16000000  43.36000000 
-17.71250000  54.44000000  43.91000000 
-17.70250000  50.28000000  44.44000000 
-17.69250000  53.94000000  44.93000000 
-17.68250000  65.24000000  45.55000000 
-17.67250000  67.12000000  46.20000000 
-17.66250000  88.26000000  46.99000000 
-17.65250000  73.09000000  47.77000000 
-17.64250000  65.12000000  48.46000000 
-17.63250000  65.34000000  49.10000000 
-17.62250000  72.15000000  49.78000000 
-17.61250000  82.19000000  50.56000000 
-17.60250000  78.43000000  51.37000000 
-17.59250000  77.77000000  52.14000000 
-17.58250000  77.79000000  52.93000000 
-17.57250000  72.68000000  53.68000000 
-17.56250000  64.02000000  54.37000000 
-17.55250000  55.10000000  54.96000000 
-17.54250000  49.01000000  55.48000000 
-17.53250000  46.87000000  55.96000000 
-17.52250000  50.24000000  56.44000000 
-17.51250000  44.44000000  56.93000000 
-17.50250000  51.03000000  57.41000000 
-17.49250000  68.72000000  57.99000000 
-17.48250000  66.76000000  58.67000000 
-17.47250000  69.43000000  59.35000000 
-17.46250000  76.63000000  60.06000000 
-17.45250000  95.85000000  60.98000000 
-17.44250000  80.72000000  61.85000000 
-17.43250000  66.56000000  62.58000000 
-17.42250000  53.40000000  63.18000000 
-17.41250000  78.35000000  63.81000000 
-17.40250000  90.79000000  64.73000000 
-17.39250000 122.10000000  65.85000000 
-17.38250000 149.70000000  67.23000000 
-17.37250000 149.90000000  68.74000000 
-17.36250000 123.30000000  70.12000000 
-17.35250000  99.78000000  71.27000000 
-17.34250000 102.20000000  72.24000000 
-17.33250000 114.10000000  73.36000000 
-17.32250000 120.90000000  74.50000000 
-17.31250000 123.70000000  75.71000000 
-17.30250000 102.30000000  76.91000000 
-17.29250000 102.70000000  77.92000000 
-17.28250000  97.83000000  78.92000000 
-17.27250000  92.04000000  79.87000000 
-17.26250000  85.68000000  80.76000000 
-17.25250000  74.93000000  81.57000000 
-17.24250000  68.00000000  82.27000000 
-17.23250000  70.25000000  82.96000000 
-17.22250000  85.21000000  83.73000000 
-17.21250000  91.07000000  84.62000000 
-17.20250000  94.28000000  85.53000000 
-17.19250000 115.60000000  86.70000000 
-17.18250000 123.80000000  87.80000000 
-17.17250000 133.10000000  89.02000000 
-17.16250000  86.35000000  90.14000000 
-17.15250000 109.20000000  91.08000000 
-17.14250000 117.20000000  92.27000000 
-17.13250000 117.80000000  93.42000000 
-17.12250000 130.70000000  94.66000000 
-17.11250000 113.70000000  95.87000000 
-17.10250000  73.66000000  96.83000000 
-17.09250000  43.51000000  97.42000000 
-17.08250000  33.66000000  97.77000000 
-17.07250000  47.94000000  98.17000000 
-17.06250000  71.72000000  98.76000000 
-17.05250000 106.50000000  99.97000000 
-17.04250000  64.71000000 100.70000000 
-17.03250000  92.93000000 101.50000000 
-17.02250000  95.70000000 102.50000000 
-17.01250000  68.20000000 103.40000000 
-17.00250000  67.12000000 104.20000000 
-16.99250000  71.20000000 104.70000000 
-16.98250000  74.99000000 105.50000000 
-16.97250000 108.30000000 106.40000000 
-16.96250000 119.90000000 107.60000000 
-16.95250000 113.60000000 108.80000000 
-16.94250000  60.97000000 109.50000000 
-16.93250000  71.89000000 110.20000000 
-16.92250000  88.56000000 111.00000000 
-16.91250000  41.66000000 111.80000000 
-16.90250000  90.68000000 112.20000000 
-16.89250000  77.42000000 113.20000000 
-16.88250000 101.70000000 113.90000000 
-16.87250000 145.00000000 115.20000000 
-16.86250000 212.40000000 117.00000000 
-16.85250000 111.10000000 118.70000000 
-16.84250000  86.69000000 119.70000000 
-16.83250000 193.50000000 121.40000000 
-16.82250000  94.95000000 122.20000000 
-16.81250000 106.60000000 123.30000000 
-16.80250000  89.47000000 124.20000000 
-16.79250000 170.00000000 125.50000000 
-16.78250000 149.90000000 126.90000000 
-16.77250000  84.97000000 127.90000000 
-16.76250000  76.36000000 128.70000000 
-16.75250000 110.20000000 129.70000000 
-16.74250000 113.00000000 130.70000000 
-16.73250000  68.15000000 131.90000000 
-16.72250000  42.87000000 132.20000000 
-16.71250000  93.18000000 132.90000000 
-16.70250000  86.13000000 133.90000000 
-16.69250000  65.38000000 134.60000000 
-16.68250000  83.80000000 135.40000000 
-16.67250000  88.57000000 136.30000000 
-16.66250000 112.20000000 137.20000000 
-16.65250000  58.37000000 138.20000000 
-16.64250000  66.86000000 138.90000000 
-16.63250000  56.40000000 139.80000000 
-16.62250000   0.00000000 140.00000000 
-16.61250000   0.00000000 140.00000000 
-16.60250000   0.00000000 140.00000000 
-16.59250000   0.00000000 140.00000000 
-16.58250000   0.00000000 140.00000000 
-16.57250000   0.00000000 140.00000000 
-16.56250000   0.00000000 140.00000000 
-16.55250000  60.76000000 140.60000000 
-16.54250000  52.92000000 141.20000000 
-16.53250000  38.68000000 141.60000000 
-16.52250000  24.43000000 141.90000000 
-16.51250000   0.00000000 142.00000000 
-16.50250000   0.00000000 142.00000000 
-16.49250000   0.00000000 142.00000000 
-16.48250000   0.00000000 142.00000000 
-16.47250000   0.00000000 142.00000000 
-16.46250000   0.00000000 142.00000000 
-16.45250000   0.00000000 142.00000000 
-16.44250000   0.00000000 142.00000000 
-16.43250000   0.00000000 142.00000000 
-16.42250000   0.00000000 142.00000000 
-16.41250000   0.00000000 142.00000000 
-16.40250000   0.00000000 142.00000000 
-16.39250000   0.00000000 142.00000000 
-16.38250000   0.00000000 142.00000000 
-16.37250000   0.00000000 142.00000000 
-16.36250000   0.00000000 142.00000000 
-16.35250000   0.00000000 142.00000000 
-16.34250000   0.00000000 142.00000000 
-16.33250000   0.00000000 142.00000000 
-16.32250000   0.00000000 142.00000000 
-16.31250000   0.00000000 142.00000000 
-16.30250000   0.00000000 142.00000000 
-16.29250000   0.00000000 142.00000000 
-16.28250000   0.00000000 142.00000000 
-16.27250000   0.00000000 142.00000000 
-16.26250000   0.00000000 142.00000000 
-16.25250000   0.00000000 142.00000000 
-16.24250000   0.00000000 142.00000000 
-16.23250000   0.00000000 142.00000000 
-16.22250000   0.00000000 142.00000000 
-16.21250000   0.00000000 142.00000000 
-16.20250000   0.00000000 142.00000000 
-16.19250000   0.00000000 142.00000000 
-16.18250000   0.00000000 142.00000000 
-16.17250000   0.00000000 142.00000000 
-16.16250000   0.00000000 142.00000000 
-16.15250000   0.00000000 142.00000000 
-16.14250000   0.00000000 142.00000000 
-16.13250000   0.00000000 142.00000000 
-16.12250000   0.00000000 142.00000000 
-16.11250000   0.00000000 142.00000000 
-16.10250000   0.00000000 142.00000000 
-16.09250000   0.00000000 142.00000000 
-16.08250000   0.00000000 142.00000000 
-16.07250000   0.00000000 142.00000000 
-16.06250000   0.00000000 142.00000000 
-16.05250000   0.00000000 142.00000000 
-16.04250000   0.00000000 142.00000000 
-16.03250000   0.00000000 142.00000000 
-16.02250000   0.00000000 142.00000000 
-16.01250000   0.00000000 142.00000000 
-16.00250000   0.00000000 142.00000000 
-15.99250000   0.00000000 142.00000000 
-15.98250000   0.00000000 142.00000000 
-15.97250000   0.00000000 142.00000000 
-15.96250000   0.00000000 142.00000000 
-15.95250000   0.00000000 142.00000000 
-15.94250000   0.00000000 142.00000000 
-15.93250000   0.00000000 142.00000000 
-15.92250000   0.00000000 142.00000000 
-15.91250000   0.00000000 142.00000000 
-15.90250000   0.00000000 142.00000000 
-15.89250000   0.00000000 142.00000000 
-15.88250000   0.00000000 142.00000000 
-15.87250000   0.00000000 142.00000000 
-15.86250000   0.00000000 142.00000000 
-15.85250000   0.00000000 142.00000000 
-15.84250000   0.00000000 142.00000000 
-15.83250000   0.00000000 142.00000000 
-15.82250000   0.00000000 142.00000000 
-15.81250000   0.00000000 142.00000000 
-15.80250000   0.00000000 142.00000000 
-15.79250000   0.00000000 142.00000000 
-15.78250000   0.00000000 142.00000000 
-15.77250000   0.00000000 142.00000000 
-15.76250000   0.00000000 142.00000000 
-15.75250000   0.00000000 142.00000000 
-15.74250000   0.00000000 142.00000000 
-15.73250000   0.00000000 142.00000000 
-15.72250000   0.00000000 142.00000000 
-15.71250000   0.00000000 142.00000000 
-15.70250000   0.00000000 142.00000000 
-15.69250000   0.00000000 142.00000000 
-15.68250000   0.00000000 142.00000000 
-15.67250000   0.00000000 142.00000000 
-15.66250000   0.00000000 142.00000000 
-15.65250000   0.00000000 142.00000000 
-15.64250000   0.00000000 142.00000000 
-15.63250000   0.00000000 142.00000000 
-15.62250000   0.00000000 142.00000000 
-15.61250000   0.00000000 142.00000000 
-15.60250000   0.00000000 142.00000000 
-15.59250000   0.00000000 142.00000000 
-15.58250000   0.00000000 142.00000000 
-15.57250000   0.00000000 142.00000000 
-15.56250000   0.00000000 142.00000000 
-15.55250000   0.00000000 142.00000000 
-15.54250000   0.00000000 142.00000000 
-15.53250000   0.00000000 142.00000000 
-15.52250000   0.00000000 142.00000000 
-15.51250000   0.00000000 142.00000000 
-15.50250000   0.00000000 142.00000000 
-15.49250000   0.00000000 142.00000000 
-15.48250000   0.00000000 142.00000000 
-15.47250000   0.00000000 142.00000000 
-15.46250000   0.00000000 142.00000000 
-15.45250000   0.00000000 142.00000000 
-15.44250000   0.00000000 142.00000000 
-15.43250000   0.00000000 142.00000000 
-15.42250000   0.00000000 142.00000000 
-15.41250000   0.00000000 142.00000000 
-15.40250000   0.00000000 142.00000000 
-15.39250000   0.00000000 142.00000000 
-15.38250000   0.00000000 142.00000000 
-15.37250000   0.00000000 142.00000000 
-15.36250000   0.00000000 142.00000000 
-15.35250000   0.00000000 142.00000000 
-15.34250000   0.00000000 142.00000000 
-15.33250000   0.00000000 142.00000000 
-15.32250000   0.00000000 142.00000000 
-15.31250000   0.00000000 142.00000000 
-15.30250000   0.00000000 142.00000000 
-15.29250000   0.00000000 142.00000000 
-15.28250000   0.00000000 142.00000000 
-15.27250000   0.00000000 142.00000000 
-15.26250000   0.00000000 142.00000000 
-15.25250000   0.00000000 142.00000000 
-15.24250000   0.00000000 142.00000000 
-15.23250000   0.00000000 142.00000000 
-15.22250000   0.00000000 142.00000000 
-15.21250000   0.00000000 142.00000000 
-15.20250000   0.00000000 142.00000000 
-15.19250000   0.00000000 142.00000000 
-15.18250000   0.00000000 142.00000000 
-15.17250000   0.00000000 142.00000000 
-15.16250000   0.00000000 142.00000000 
-15.15250000   0.00000000 142.00000000 
-15.14250000   0.00000000 142.00000000 
-15.13250000   0.00000000 142.00000000 
-15.12250000   0.00000000 142.00000000 
-15.11250000   0.00000000 142.00000000 
-15.10250000   0.00000000 142.00000000 
-15.09250000   0.00000000 142.00000000 
-15.08250000   0.00000000 142.00000000 
-15.07250000   0.00000000 142.00000000 
-15.06250000   0.00000000 142.00000000 
-15.05250000   0.00000000 142.00000000 
-15.04250000   0.00000000 142.00000000 
-15.03250000   0.00000000 142.00000000 
-15.02250000   0.00000000 142.00000000 
-15.01250000   0.00000000 142.00000000 
-15.00250000   0.00000000 142.00000000 
-14.99250000   0.00000000 142.00000000 
-14.98250000   0.00000000 142.00000000 
-14.97250000   0.00000000 142.00000000 
-14.96250000   0.00000000 142.00000000 
-14.95250000   0.00000000 142.00000000 
-14.94250000   0.00000000 142.00000000 
-14.93250000   0.00000000 142.00000000 
-14.92250000   0.00000000 142.00000000 
-14.91250000   0.00000000 142.00000000 
-14.90250000   0.00000000 142.00000000 
-14.89250000   0.00000000 142.00000000 
-14.88250000   0.00000000 142.00000000 
-14.87250000   0.00000000 142.00000000 
-14.86250000   0.00000000 142.00000000 
-14.85250000   0.00000000 142.00000000 
-14.84250000   0.00000000 142.00000000 
-14.83250000   0.00000000 142.00000000 
-14.82250000   0.00000000 142.00000000 
-14.81250000   0.00000000 142.00000000 
-14.80250000   0.00000000 142.00000000 
-14.79250000   0.00000000 142.00000000 
-14.78250000   0.00000000 142.00000000 
-14.77250000   0.00000000 142.00000000 
-14.76250000   0.00000000 142.00000000 
-14.75250000   0.00000000 142.00000000 
-14.74250000   0.00000000 142.00000000 
-14.73250000   0.00000000 142.00000000 
-14.72250000   0.00000000 142.00000000 
-14.71250000   0.00000000 142.00000000 
-14.70250000   0.00000000 142.00000000 
-14.69250000   0.00000000 142.00000000 
-14.68250000   0.00000000 142.00000000 
-14.67250000   0.00000000 142.00000000 
-14.66250000   0.00000000 142.00000000 
-14.65250000   0.00000000 142.00000000 
-14.64250000   0.00000000 142.00000000 
-14.63250000   0.00000000 142.00000000 
-14.62250000   0.00000000 142.00000000 
-14.61250000   0.00000000 142.00000000 
-14.60250000   0.00000000 142.00000000 
-14.59250000   0.00000000 142.00000000 
-14.58250000   0.00000000 142.00000000 
-14.57250000   0.00000000 142.00000000 
-14.56250000   0.00000000 142.00000000 
-14.55250000   0.00000000 142.00000000 
-14.54250000   0.00000000 142.00000000 
-14.53250000   0.00000000 142.00000000 
-14.52250000   0.00000000 142.00000000 
-14.51250000   0.00000000 142.00000000 
-14.50250000   0.00000000 142.00000000 
-14.49250000   0.00000000 142.00000000 
-14.48250000   0.00000000 142.00000000 
-14.47250000   0.00000000 142.00000000 
-14.46250000   0.00000000 142.00000000 
-14.45250000   0.00000000 142.00000000 
-14.44250000   0.00000000 142.00000000 
-14.43250000   0.00000000 142.00000000 
-14.42250000   0.00000000 142.00000000 
-14.41250000   0.00000000 142.00000000 
-14.40250000   0.00000000 142.00000000 
-14.39250000   0.00000000 142.00000000 
-14.38250000   0.00000000 142.00000000 
-14.37250000   0.00000000 142.00000000 
-14.36250000   0.00000000 142.00000000 
-14.35250000   0.00000000 142.00000000 
-14.34250000   0.00000000 142.00000000 
-14.33250000   0.00000000 142.00000000 
-14.32250000   0.00000000 142.00000000 
-14.31250000   0.00000000 142.00000000 
-14.30250000   0.00000000 142.00000000 
-14.29250000   0.00000000 142.00000000 
-14.28250000   0.00000000 142.00000000 
-14.27250000   0.00000000 142.00000000 
-14.26250000   0.00000000 142.00000000 
-14.25250000   0.00000000 142.00000000 
-14.24250000   0.00000000 142.00000000 
-14.23250000   0.00000000 142.00000000 
-14.22250000   0.00000000 142.00000000 
-14.21250000   0.00000000 142.00000000 
-14.20250000   0.00000000 142.00000000 
-14.19250000   0.00000000 142.00000000 
-14.18250000   0.00000000 142.00000000 
-14.17250000   0.00000000 142.00000000 
-14.16250000   0.00000000 142.00000000 
-14.15250000   0.00000000 142.00000000 
-14.14250000   0.00000000 142.00000000 
-14.13250000   0.00000000 142.00000000 
-14.12250000   0.00000000 142.00000000 
-14.11250000   0.00000000 142.00000000 
-14.10250000   0.00000000 142.00000000 
-14.09250000   0.00000000 142.00000000 
-14.08250000   0.00000000 142.00000000 
-14.07250000   0.00000000 142.00000000 
-14.06250000   0.00000000 142.00000000 
-14.05250000   0.00000000 142.00000000 
-14.04250000   0.00000000 142.00000000 
-14.03250000   0.00000000 142.00000000 
-14.02250000   0.00000000 142.00000000 
-14.01250000   0.00000000 142.00000000 
-14.00250000   0.00000000 142.00000000 
-13.99250000   0.00000000 142.00000000 
-13.98250000   0.00000000 142.00000000 
-13.97250000   0.00000000 142.00000000 
-13.96250000   0.00000000 142.00000000 
-13.95250000   0.00000000 142.00000000 
-13.94250000   0.00000000 142.00000000 
-13.93250000   0.00000000 142.00000000 
-13.92250000   0.00000000 142.00000000 
-13.91250000   0.00000000 142.00000000 
-13.90250000   0.00000000 142.00000000 
-13.89250000   0.00000000 142.00000000 
-13.88250000   0.00000000 142.00000000 
-13.87250000   0.00000000 142.00000000 
-13.86250000   0.00000000 142.00000000 
-13.85250000   0.00000000 142.00000000 
-13.84250000   0.00000000 142.00000000 
-13.83250000   0.00000000 142.00000000 
-13.82250000   0.00000000 142.00000000 
-13.81250000   0.00000000 142.00000000 
-13.80250000   0.00000000 142.00000000 
-13.79250000   0.00000000 142.00000000 
-13.78250000   0.00000000 142.00000000 
-13.77250000   0.00000000 142.00000000 
-13.76250000   0.00000000 142.00000000 
-13.75250000   0.00000000 142.00000000 
-13.74250000   0.00000000 142.00000000 
-13.73250000   0.00000000 142.00000000 
-13.72250000   0.00000000 142.00000000 
-13.71250000   0.00000000 142.00000000 
-13.70250000   0.00000000 142.00000000 
-13.69250000   0.00000000 142.00000000 
-13.68250000   0.00000000 142.00000000 
-13.67250000   0.00000000 142.00000000 
-13.66250000   0.00000000 142.00000000 
-13.65250000   0.00000000 142.00000000 
-13.64250000   0.00000000 142.00000000 
-13.63250000   0.00000000 142.00000000 
-13.62250000   0.00000000 142.00000000 
-13.61250000   0.00000000 142.00000000 
-13.60250000   0.00000000 142.00000000 
-13.59250000   0.00000000 142.00000000 
-13.58250000   0.00000000 142.00000000 
-13.57250000   0.00000000 142.00000000 
-13.56250000   0.00000000 142.00000000 
-13.55250000   0.00000000 142.00000000 
-13.54250000   0.00000000 142.00000000 
-13.53250000   0.00000000 142.00000000 
-13.52250000   0.00000000 142.00000000 
-13.51250000   0.00000000 142.00000000 
-13.50250000   0.00000000 142.00000000 
-13.49250000   0.00000000 142.00000000 
-13.48250000   0.00000000 142.00000000 
-13.47250000   0.00000000 142.00000000 
-13.46250000   0.00000000 142.00000000 
-13.45250000   0.00000000 142.00000000 
-13.44250000   0.00000000 142.00000000 
-13.43250000   0.00000000 142.00000000 
-13.42250000   0.00000000 142.00000000 
-13.41250000   0.00000000 142.00000000 
-13.40250000   0.00000000 142.00000000 
-13.39250000   0.00000000 142.00000000 
-13.38250000   0.00000000 142.00000000 
-13.37250000   0.00000000 142.00000000 
-13.36250000   0.00000000 142.00000000 
-13.35250000   0.00000000 142.00000000 
-13.34250000   0.00000000 142.00000000 
-13.33250000   0.00000000 142.00000000 
-13.32250000   0.00000000 142.00000000 
-13.31250000   0.00000000 142.00000000 
-13.30250000   0.00000000 142.00000000 
-13.29250000   0.00000000 142.00000000 
-13.28250000   0.00000000 142.00000000 
-13.27250000   0.00000000 142.00000000 
-13.26250000   0.00000000 142.00000000 
-13.25250000   0.00000000 142.00000000 
-13.24250000   0.00000000 142.00000000 
-13.23250000   0.00000000 142.00000000 
-13.22250000   0.00000000 142.00000000 
-13.21250000   0.00000000 142.00000000 
-13.20250000   0.00000000 142.00000000 
-13.19250000   0.00000000 142.00000000 
-13.18250000   0.00000000 142.00000000 
-13.17250000   0.00000000 142.00000000 
-13.16250000   0.00000000 142.00000000 
-13.15250000   0.00000000 142.00000000 
-13.14250000   0.00000000 142.00000000 
-13.13250000   0.00000000 142.00000000 
-13.12250000   0.00000000 142.00000000 
-13.11250000   0.00000000 142.00000000 
-13.10250000   0.00000000 142.00000000 
-13.09250000   0.00000000 142.00000000 
-13.08250000   0.00000000 142.00000000 
-13.07250000   0.00000000 142.00000000 
-13.06250000   0.00000000 142.00000000 
-13.05250000   0.00000000 142.00000000 
-13.04250000   0.00000000 142.00000000 
-13.03250000   0.00000000 142.00000000 
-13.02250000   0.00000000 142.00000000 
-13.01250000   0.00000000 142.00000000 
-13.00250000   0.00000000 142.00000000 
-12.99250000   0.00000000 142.00000000 
-12.98250000   0.00000000 142.00000000 
-12.97250000   0.00000000 142.00000000 
-12.96250000   0.00000000 142.00000000 
-12.95250000   0.00000000 142.00000000 
-12.94250000   0.00000000 142.00000000 
-12.93250000   0.00000000 142.00000000 
-12.92250000   0.00000000 142.00000000 
-12.91250000   0.00000000 142.00000000 
-12.90250000   0.00000000 142.00000000 
-12.89250000   0.00000000 142.00000000 
-12.88250000   0.00000000 142.00000000 
-12.87250000   0.00000000 142.00000000 
-12.86250000   0.00000000 142.00000000 
-12.85250000   0.00000000 142.00000000 
-12.84250000   0.00000000 142.00000000 
-12.83250000   0.00000000 142.00000000 
-12.82250000   0.00000000 142.00000000 
-12.81250000   0.00000000 142.00000000 
-12.80250000   0.00000000 142.00000000 
-12.79250000   0.00000000 142.00000000 
-12.78250000   0.00000000 142.00000000 
-12.77250000   0.00000000 142.00000000 
-12.76250000   0.00000000 142.00000000 
-12.75250000   0.00000000 142.00000000 
-12.74250000   0.00000000 142.00000000 
-12.73250000   0.00000000 142.00000000 
-12.72250000   0.00000000 142.00000000 
-12.71250000   0.00000000 142.00000000 
-12.70250000   0.00000000 142.00000000 
-12.69250000   0.00000000 142.00000000 
-12.68250000   0.00000000 142.00000000 
-12.67250000   0.00000000 142.00000000 
-12.66250000   0.00000000 142.00000000 
-12.65250000   0.00000000 142.00000000 
-12.64250000   0.00000000 142.00000000 
-12.63250000   0.00000000 142.00000000 
-12.62250000   0.00000000 142.00000000 
-12.61250000   0.00000000 142.00000000 
-12.60250000   0.00000000 142.00000000 
-12.59250000   0.00000000 142.00000000 
-12.58250000   0.00000000 142.00000000 
-12.57250000   0.00000000 142.00000000 
-12.56250000   0.00000000 142.00000000 
-12.55250000   0.00000000 142.00000000 
-12.54250000   0.00000000 142.00000000 
-12.53250000   0.00000000 142.00000000 
-12.52250000   0.00000000 142.00000000 
-12.51250000   0.00000000 142.00000000 
-12.50250000   0.00000000 142.00000000 
-12.49250000   0.00000000 142.00000000 
-12.48250000   0.00000000 142.00000000 
-12.47250000   0.00000000 142.00000000 
-12.46250000   0.00000000 142.00000000 
-12.45250000   0.00000000 142.00000000 
-12.44250000   0.00000000 142.00000000 
-12.43250000   0.00000000 142.00000000 
-12.42250000   0.00000000 142.00000000 
-12.41250000   0.00000000 142.00000000 
-12.40250000   0.00000000 142.00000000 
-12.39250000   0.00000000 142.00000000 
-12.38250000   0.00000000 142.00000000 
-12.37250000   0.00000000 142.00000000 
-12.36250000   0.00000000 142.00000000 
-12.35250000   0.00000000 142.00000000 
-12.34250000   0.00000000 142.00000000 
-12.33250000   0.00000000 142.00000000 
-12.32250000   0.00000000 142.00000000 
-12.31250000   0.00000000 142.00000000 
-12.30250000   0.00000000 142.00000000 
-12.29250000   0.00000000 142.00000000 
-12.28250000   0.00000000 142.00000000 
-12.27250000   0.00000000 142.00000000 
-12.26250000   0.00000000 142.00000000 
-12.25250000   0.00000000 142.00000000 
-12.24250000   0.00000000 142.00000000 
-12.23250000   0.00000000 142.00000000 
-12.22250000   0.00000000 142.00000000 
-12.21250000   0.00000000 142.00000000 
-12.20250000   0.00000000 142.00000000 
-12.19250000   0.00000000 142.00000000 
-12.18250000   0.00000000 142.00000000 
-12.17250000   0.00000000 142.00000000 
-12.16250000   0.00000000 142.00000000 
-12.15250000   0.00000000 142.00000000 
-12.14250000   0.00000000 142.00000000 
-12.13250000   0.00000000 142.00000000 
-12.12250000   0.00000000 142.00000000 
-12.11250000   0.00000000 142.00000000 
-12.10250000   0.00000000 142.00000000 
-12.09250000   0.00000000 142.00000000 
-12.08250000   0.00000000 142.00000000 
-12.07250000   0.00000000 142.00000000 
-12.06250000   0.00000000 142.00000000 
-12.05250000   0.00000000 142.00000000 
-12.04250000   0.00000000 142.00000000 
-12.03250000   0.00000000 142.00000000 
-12.02250000   0.00000000 142.00000000 
-12.01250000   0.00000000 142.00000000 
-12.00250000   0.00000000 142.00000000 
-11.99250000   0.00000000 142.00000000 
-11.98250000   0.00000000 142.00000000 
-11.97250000   0.00000000 142.00000000 
-11.96250000   0.00000000 142.00000000 
-11.95250000   0.00000000 142.00000000 
-11.94250000   0.00000000 142.00000000 
-11.93250000   0.00000000 142.00000000 
-11.92250000   0.00000000 142.00000000 
-11.91250000   0.00000000 142.00000000 
-11.90250000   0.00000000 142.00000000 
-11.89250000   0.00000000 142.00000000 
-11.88250000   0.00000000 142.00000000 
-11.87250000   0.00000000 142.00000000 
-11.86250000   0.00000000 142.00000000 
-11.85250000   0.00000000 142.00000000 
-11.84250000   0.00000000 142.00000000 
-11.83250000   0.00000000 142.00000000 
-11.82250000   0.00000000 142.00000000 
-11.81250000   0.00000000 142.00000000 
-11.80250000   0.00000000 142.00000000 
-11.79250000   0.00000000 142.00000000 
-11.78250000   0.00000000 142.00000000 
-11.77250000   0.00000000 142.00000000 
-11.76250000   0.00000000 142.00000000 
-11.75250000   0.00000000 142.00000000 
-11.74250000   0.00000000 142.00000000 
-11.73250000   0.00000000 142.00000000 
-11.72250000   0.00000000 142.00000000 
-11.71250000   0.00000000 142.00000000 
-11.70250000   0.00000000 142.00000000 
-11.69250000   0.00000000 142.00000000 
-11.68250000   0.00000000 142.00000000 
-11.67250000   0.00000000 142.00000000 
-11.66250000   0.00000000 142.00000000 
-11.65250000   0.00000000 142.00000000 
-11.64250000   0.00000000 142.00000000 
-11.63250000   0.00000000 142.00000000 
-11.62250000   0.00000000 142.00000000 
-11.61250000   0.00000000 142.00000000 
-11.60250000   0.00000000 142.00000000 
-11.59250000   0.00000000 142.00000000 
-11.58250000   0.00000000 142.00000000 
-11.57250000   0.00000000 142.00000000 
-11.56250000   0.00000000 142.00000000 
-11.55250000   0.00000000 142.00000000 
-11.54250000   0.00000000 142.00000000 
-11.53250000   0.00000000 142.00000000 
-11.52250000   0.00000000 142.00000000 
-11.51250000   0.00000000 142.00000000 
-11.50250000   0.00000000 142.00000000 
-11.49250000   0.00000000 142.00000000 
-11.48250000   0.00000000 142.00000000 
-11.47250000   0.00000000 142.00000000 
-11.46250000   0.00000000 142.00000000 
-11.45250000   0.00000000 142.00000000 
-11.44250000   0.00000000 142.00000000 
-11.43250000   0.00000000 142.00000000 
-11.42250000   0.00000000 142.00000000 
-11.41250000   0.00000000 142.00000000 
-11.40250000   0.00000000 142.00000000 
-11.39250000   0.00000000 142.00000000 
-11.38250000   0.00000000 142.00000000 
-11.37250000   0.00000000 142.00000000 
-11.36250000   0.00000000 142.00000000 
-11.35250000   0.00000000 142.00000000 
-11.34250000   0.00000000 142.00000000 
-11.33250000   0.00000000 142.00000000 
-11.32250000   0.00000000 142.00000000 
-11.31250000   0.00000000 142.00000000 
-11.30250000   0.00000000 142.00000000 
-11.29250000   0.00000000 142.00000000 
-11.28250000   0.00000000 142.00000000 
-11.27250000   0.00000000 142.00000000 
-11.26250000   0.00000000 142.00000000 
-11.25250000   0.00000000 142.00000000 
-11.24250000   0.00000000 142.00000000 
-11.23250000   0.00000000 142.00000000 
-11.22250000   0.00000000 142.00000000 
-11.21250000   0.00000000 142.00000000 
-11.20250000   0.00000000 142.00000000 
-11.19250000   0.00000000 142.00000000 
-11.18250000   0.00000000 142.00000000 
-11.17250000   0.00000000 142.00000000 
-11.16250000   0.00000000 142.00000000 
-11.15250000   0.00000000 142.00000000 
-11.14250000   0.00000000 142.00000000 
-11.13250000   0.00000000 142.00000000 
-11.12250000   0.00000000 142.00000000 
-11.11250000   0.00000000 142.00000000 
-11.10250000   0.00000000 142.00000000 
-11.09250000   0.00000000 142.00000000 
-11.08250000   0.00000000 142.00000000 
-11.07250000   0.00000000 142.00000000 
-11.06250000   0.00000000 142.00000000 
-11.05250000   0.00000000 142.00000000 
-11.04250000   0.00000000 142.00000000 
-11.03250000   0.00000000 142.00000000 
-11.02250000   0.00000000 142.00000000 
-11.01250000   0.00000000 142.00000000 
-11.00250000   0.00000000 142.00000000 
-10.99250000   0.00000000 142.00000000 
-10.98250000   0.00000000 142.00000000 
-10.97250000   0.00000000 142.00000000 
-10.96250000   0.00000000 142.00000000 
-10.95250000   0.00000000 142.00000000 
-10.94250000   0.00000000 142.00000000 
-10.93250000   0.00000000 142.00000000 
-10.92250000   0.00000000 142.00000000 
-10.91250000   0.00000000 142.00000000 
-10.90250000   0.00000000 142.00000000 
-10.89250000   0.00000000 142.00000000 
-10.88250000   0.00000000 142.00000000 
-10.87250000   0.00000000 142.00000000 
-10.86250000   0.00000000 142.00000000 
-10.85250000   0.00000000 142.00000000 
-10.84250000   0.00000000 142.00000000 
-10.83250000   0.00000000 142.00000000 
-10.82250000   0.00000000 142.00000000 
-10.81250000   0.00000000 142.00000000 
-10.80250000   0.00000000 142.00000000 
-10.79250000   0.00000000 142.00000000 
-10.78250000   0.00000000 142.00000000 
-10.77250000   0.00000000 142.00000000 
-10.76250000   0.00000000 142.00000000 
-10.75250000   0.00000000 142.00000000 
-10.74250000   0.00000000 142.00000000 
-10.73250000   0.00000000 142.00000000 
-10.72250000   0.00000000 142.00000000 
-10.71250000   0.00000000 142.00000000 
-10.70250000   0.00000000 142.00000000 
-10.69250000   0.00000000 142.00000000 
-10.68250000   0.00000000 142.00000000 
-10.67250000   0.00000000 142.00000000 
-10.66250000   0.00000000 142.00000000 
-10.65250000   0.00000000 142.00000000 
-10.64250000   0.00000000 142.00000000 
-10.63250000   0.00000000 142.00000000 
-10.62250000   0.00000000 142.00000000 
-10.61250000   0.00000000 142.00000000 
-10.60250000   0.00000000 142.00000000 
-10.59250000   0.00000000 142.00000000 
-10.58250000   0.00000000 142.00000000 
-10.57250000   0.00000000 142.00000000 
-10.56250000   0.00000000 142.00000000 
-10.55250000   0.00000000 142.00000000 
-10.54250000   0.00000000 142.00000000 
-10.53250000   0.00000000 142.00000000 
-10.52250000   0.00000000 142.00000000 
-10.51250000   0.00000000 142.00000000 
-10.50250000   0.00000000 142.00000000 
-10.49250000   0.00000000 142.00000000 
-10.48250000   0.00000000 142.00000000 
-10.47250000   0.00000000 142.00000000 
-10.46250000   0.00000000 142.00000000 
-10.45250000   0.00000000 142.00000000 
-10.44250000   0.00000000 142.00000000 
-10.43250000   0.00000000 142.00000000 
-10.42250000   0.00000000 142.00000000 
-10.41250000   0.00000000 142.00000000 
-10.40250000   0.00000000 142.00000000 
-10.39250000   0.00000000 142.00000000 
-10.38250000   0.00000000 142.00000000 
-10.37250000   0.00000000 142.00000000 
-10.36250000   0.00000000 142.00000000 
-10.35250000   0.00000000 142.00000000 
-10.34250000   0.00000000 142.00000000 
-10.33250000   0.00000000 142.00000000 
-10.32250000   0.00000000 142.00000000 
-10.31250000   0.00000000 142.00000000 
-10.30250000   0.00000000 142.00000000 
-10.29250000   0.00000000 142.00000000 
-10.28250000   0.00000000 142.00000000 
-10.27250000   0.00000000 142.00000000 
-10.26250000   0.00000000 142.00000000 
-10.25250000   0.00000000 142.00000000 
-10.24250000   0.00000000 142.00000000 
-10.23250000   0.00000000 142.00000000 
-10.22250000   0.00000000 142.00000000 
-10.21250000   0.00000000 142.00000000 
-10.20250000   0.00000000 142.00000000 
-10.19250000   0.00000000 142.00000000 
-10.18250000   0.00000000 142.00000000 
-10.17250000   0.00000000 142.00000000 
-10.16250000   0.00000000 142.00000000 
-10.15250000   0.00000000 142.00000000 
-10.14250000   0.00000000 142.00000000 
-10.13250000   0.00000000 142.00000000 
-10.12250000   0.00000000 142.00000000 
-10.11250000   0.00000000 142.00000000 
-10.10250000   0.00000000 142.00000000 
-10.09250000   0.00000000 142.00000000 
-10.08250000   0.00000000 142.00000000 
-10.07250000   0.00000000 142.00000000 
-10.06250000   0.00000000 142.00000000 
-10.05250000   0.00000000 142.00000000 
-10.04250000   0.00000000 142.00000000 
-10.03250000   0.00000000 142.00000000 
-10.02250000   0.00000000 142.00000000 
-10.01250000   0.00000000 142.00000000 
-10.00250000   0.00000000 142.00000000 
 -9.99250000   0.00000000 142.00000000 
 -9.98250000   0.00000000 142.00000000 
 -9.97250000   0.00000000 142.00000000 
 -9.96250000   0.00000000 142.00000000 
 -9.95250000   0.00000000 142.00000000 
 -9.94250000   0.00000000 142.00000000 
 -9.93250000   0.00000000 142.00000000 
 -9.92250000   0.00000000 142.00000000 
 -9.91250000   0.00000000 142.00000000 
 -9.90250000   0.00000000 142.00000000 
 -9.89250000   0.00000000 142.00000000 
 -9.88250000   0.00000000 142.00000000 
 -9.87250000   0.00000000 142.00000000 
 -9.86250000   0.00000000 142.00000000 
 -9.85250000   0.00000000 142.00000000 
 -9.84250000   0.00000000 142.00000000 
 -9.83250000   0.00000000 142.00000000 
 -9.82250000   0.00000000 142.00000000 
 -9.81250000   0.00000000 142.00000000 
 -9.80250000   0.00000000 142.00000000 
 -9.79250000   0.00000000 142.00000000 
 -9.78250000   0.00000000 142.00000000 
 -9.77250000   0.00000000 142.00000000 
 -9.76250000   0.00000000 142.00000000 
 -9.75250000   0.00000000 142.00000000 
 -9.74250000   0.00000000 142.00000000 
 -9.73250000   0.00000000 142.00000000 
 -9.72250000   0.00000000 142.00000000 
 -9.71250000   0.00000000 142.00000000 
 -9.70250000   0.00000000 142.00000000 
 -9.69250000   0.00000000 142.00000000 
 -9.68250000   0.00000000 142.00000000 
 -9.67250000   0.00000000 142.00000000 
 -9.66250000   0.00000000 142.00000000 
 -9.65250000   0.00000000 142.00000000 
 -9.64250000   0.00000000 142.00000000 
 -9.63250000   0.00000000 142.00000000 
 -9.62250000   0.00000000 142.00000000 
 -9.61250000   0.00000000 142.00000000 
 -9.60250000   0.00000000 142.00000000 
 -9.59250000   0.00000000 142.00000000 
 -9.58250000   0.00000000 142.00000000 
 -9.57250000   0.00000000 142.00000000 
 -9.56250000   0.00000000 142.00000000 
 -9.55250000   0.00000000 142.00000000 
 -9.54250000   0.00000000 142.00000000 
 -9.53250000   0.00000000 142.00000000 
 -9.52250000   0.00000000 142.00000000 
 -9.51250000   0.00000000 142.00000000 
 -9.50250000   0.00000000 142.00000000 
 -9.49250000   0.00000000 142.00000000 
 -9.48250000   0.00000000 142.00000000 
 -9.47250000   0.00000000 142.00000000 
 -9.46250000   0.00000000 142.00000000 
 -9.45250000   0.00000000 142.00000000 
 -9.44250000   0.00000000 142.00000000 
 -9.43250000   0.00000000 142.00000000 
 -9.42250000   0.00000000 142.00000000 
 -9.41250000   0.00000000 142.00000000 
 -9.40250000   0.00000000 142.00000000 
 -9.39250000   0.00000000 142.00000000 
 -9.38250000   0.00000000 142.00000000 
 -9.37250000   0.00000000 142.00000000 
 -9.36250000   0.00000000 142.00000000 
 -9.35250000   0.00000000 142.00000000 
 -9.34250000   0.00000000 142.00000000 
 -9.33250000   0.00000000 142.00000000 
 -9.32250000   0.00000000 142.00000000 
 -9.31250000   0.00000000 142.00000000 
 -9.30250000   0.00000000 142.00000000 
 -9.29250000   0.00000000 142.00000000 
 -9.28250000   0.00000000 142.00000000 
 -9.27250000   0.00000000 142.00000000 
 -9.26250000   0.00000000 142.00000000 
 -9.25250000   0.00000000 142.00000000 
 -9.24250000   0.00000000 142.00000000 
 -9.23250000   0.00000000 142.00000000 
 -9.22250000   0.00000000 142.00000000 
 -9.21250000   0.00000000 142.00000000 
 -9.20250000   0.00000000 142.00000000 
 -9.19250000   0.00000000 142.00000000 
 -9.18250000   0.00000000 142.00000000 
 -9.17250000   0.00000000 142.00000000 
 -9.16250000   0.00000000 142.00000000 
 -9.15250000   0.00000000 142.00000000 
 -9.14250000   0.00000000 142.00000000 
 -9.13250000   0.00000000 142.00000000 
 -9.12250000   0.00000000 142.00000000 
 -9.11250000   0.00000000 142.00000000 
 -9.10250000   0.00000000 142.00000000 
 -9.09250000   0.00000000 142.00000000 
 -9.08250000   0.00000000 142.00000000 
 -9.07250000   0.00000000 142.00000000 
 -9.06250000   0.00000000 142.00000000 
 -9.05250000   0.00000000 142.00000000 
 -9.04250000   0.00000000 142.00000000 
 -9.03250000   0.00000000 142.00000000 
 -9.02250000   0.00000000 142.00000000 
 -9.01250000   0.00000000 142.00000000 
 -9.00250000   0.00000000 142.00000000 
 -8.99250000   0.00000000 142.00000000 
 -8.98250000   0.00000000 142.00000000 
 -8.97250000   0.00000000 142.00000000 
 -8.96250000   0.00000000 142.00000000 
 -8.95250000   0.00000000 142.00000000 
 -8.94250000   0.00000000 142.00000000 
 -8.93250000   0.00000000 142.00000000 
 -8.92250000   0.00000000 142.00000000 
 -8.91250000   0.00000000 142.00000000 
 -8.90250000   0.00000000 142.00000000 
 -8.89250000   0.00000000 142.00000000 
 -8.88250000   0.00000000 142.00000000 
 -8.87250000   0.00000000 142.00000000 
 -8.86250000   0.00000000 142.00000000 
 -8.85250000   0.00000000 142.00000000 
 -8.84250000   0.00000000 142.00000000 
 -8.83250000   0.00000000 142.00000000 
 -8.82250000   0.00000000 142.00000000 
 -8.81250000   0.00000000 142.00000000 
 -8.80250000   0.00000000 142.00000000 
 -8.79250000   0.00000000 142.00000000 
 -8.78250000   0.00000000 142.00000000 
 -8.77250000   0.00000000 142.00000000 
 -8.76250000   0.00000000 142.00000000 
 -8.75250000   0.00000000 142.00000000 
 -8.74250000   0.00000000 142.00000000 
 -8.73250000   0.00000000 142.00000000 
 -8.72250000   0.00000000 142.00000000 
 -8.71250000   0.00000000 142.00000000 
 -8.70250000   0.00000000 142.00000000 
 -8.69250000   0.00000000 142.00000000 
 -8.68250000   0.00000000 142.00000000 
 -8.67250000   0.00000000 142.00000000 
 -8.66250000   0.00000000 142.00000000 
 -8.65250000   0.00000000 142.00000000 
 -8.64250000   0.00000000 142.00000000 
 -8.63250000   0.00000000 142.00000000 
 -8.62250000   0.00000000 142.00000000 
 -8.61250000   0.00000000 142.00000000 
 -8.60250000   0.00000000 142.00000000 
 -8.59250000   0.00000000 142.00000000 
 -8.58250000   0.00000000 142.00000000 
 -8.57250000   0.00000000 142.00000000 
 -8.56250000   0.00000000 142.00000000 
 -8.55250000   0.00000000 142.00000000 
 -8.54250000   0.00000000 142.00000000 
 -8.53250000   0.00000000 142.00000000 
 -8.52250000   0.00000000 142.00000000 
 -8.51250000   0.00000000 142.00000000 
 -8.50250000   0.00000000 142.00000000 
 -8.49250000   0.00000000 142.00000000 
 -8.48250000   0.00000000 142.00000000 
 -8.47250000   0.00000000 142.00000000 
 -8.46250000   0.00000000 142.00000000 
 -8.45250000   0.00000000 142.00000000 
 -8.44250000   0.00000000 142.00000000 
 -8.43250000   0.00000000 142.00000000 
 -8.42250000   0.00000000 142.00000000 
 -8.41250000   0.00000000 142.00000000 
 -8.40250000   0.00000000 142.00000000 
 -8.39250000   0.00000000 142.00000000 
 -8.38250000   0.00000000 142.00000000 
 -8.37250000   0.00000000 142.00000000 
 -8.36250000   0.00000000 142.00000000 
 -8.35250000   0.00000000 142.00000000 
 -8.34250000   0.00000000 142.00000000 
 -8.33250000   0.00000000 142.00000000 
 -8.32250000   0.00000000 142.00000000 
 -8.31250000   0.00000000 142.00000000 
 -8.30250000   0.00000000 142.00000000 
 -8.29250000   0.00000000 142.00000000 
 -8.28250000   0.00000000 142.00000000 
 -8.27250000   0.00000000 142.00000000 
 -8.26250000   0.00000000 142.00000000 
 -8.25250000   0.00000000 142.00000000 
 -8.24250000   0.00000000 142.00000000 
 -8.23250000   0.00000000 142.00000000 
 -8.22250000   0.00000000 142.00000000 
 -8.21250000   0.00000000 142.00000000 
 -8.20250000   0.00000000 142.00000000 
 -8.19250000   0.00000000 142.00000000 
 -8.18250000   0.00000000 142.00000000 
 -8.17250000   0.00000000 142.00000000 
 -8.16250000   0.00000000 142.00000000 
 -8.15250000   0.00000000 142.00000000 
 -8.14250000   0.00000000 142.00000000 
 -8.13250000   0.00000000 142.00000000 
 -8.12250000   0.00000000 142.00000000 
 -8.11250000   0.00000000 142.00000000 
 -8.10250000   0.00000000 142.00000000 
 -8.09250000   0.00000000 142.00000000 
 -8.08250000   0.00000000 142.00000000 
 -8.07250000   0.00000000 142.00000000 
 -8.06250000   0.00000000 142.00000000 
 -8.05250000   0.00000000 142.00000000 
 -8.04250000   0.00000000 142.00000000 
 -8.03250000   0.00000000 142.00000000 
 -8.02250000   0.00000000 142.00000000 
 -8.01250000   0.00000000 142.00000000 
 -8.00250000   0.00000000 142.00000000 
 -7.99250000   0.00000000 142.00000000 
 -7.98250000   0.00000000 142.00000000 
 -7.97250000   0.00000000 142.00000000 
 -7.96250000   0.00000000 142.00000000 
 -7.95250000   0.00000000 142.00000000 
 -7.94250000   0.00000000 142.00000000 
 -7.93250000   0.00000000 142.00000000 
 -7.92250000   0.00000000 142.00000000 
 -7.91250000   0.00000000 142.00000000 
 -7.90250000   0.00000000 142.00000000 
 -7.89250000   0.00000000 142.00000000 
 -7.88250000   0.00000000 142.00000000 
 -7.87250000   0.00000000 142.00000000 
 -7.86250000   0.00000000 142.00000000 
 -7.85250000   0.00000000 142.00000000 
 -7.84250000   0.00000000 142.00000000 
 -7.83250000   0.00000000 142.00000000 
 -7.82250000   0.00000000 142.00000000 
 -7.81250000   0.00000000 142.00000000 
 -7.80250000   0.00000000 142.00000000 
 -7.79250000   0.00000000 142.00000000 
 -7.78250000   0.00000000 142.00000000 
 -7.77250000   0.00000000 142.00000000 
 -7.76250000   0.00000000 142.00000000 
 -7.75250000   0.00000000 142.00000000 
 -7.74250000   0.00000000 142.00000000 
 -7.73250000   0.00000000 142.00000000 
 -7.72250000   0.00000000 142.00000000 
 -7.71250000   0.00000000 142.00000000 
 -7.70250000   0.00000000 142.00000000 
 -7.69250000   0.00000000 142.00000000 
 -7.68250000   0.00000000 142.00000000 
 -7.67250000   0.00000000 142.00000000 
 -7.66250000   0.00000000 142.00000000 
 -7.65250000   0.00000000 142.00000000 
 -7.64250000   0.00000000 142.00000000 
 -7.63250000   0.00000000 142.00000000 
 -7.62250000   0.00000000 142.00000000 
 -7.61250000   0.00000000 142.00000000 
 -7.60250000   0.00000000 142.00000000 
 -7.59250000   0.00000000 142.00000000 
 -7.58250000   0.00000000 142.00000000 
 -7.57250000   0.00000000 142.00000000 
 -7.56250000   0.00000000 142.00000000 
 -7.55250000   0.00000000 142.00000000 
 -7.54250000   0.00000000 142.00000000 
 -7.53250000   0.00000000 142.00000000 
 -7.52250000   0.00000000 142.00000000 
 -7.51250000   0.00000000 142.00000000 
 -7.50250000   0.00000000 142.00000000 
 -7.49250000   0.00000000 142.00000000 
 -7.48250000   0.00000000 142.00000000 
 -7.47250000   0.35540000 142.00000000 
 -7.46250000   1.30600000 142.00000000 
 -7.45250000   2.25200000 142.00000000 
 -7.44250000   3.19400000 142.10000000 
 -7.43250000   4.13200000 142.10000000 
 -7.42250000   5.06600000 142.10000000 
 -7.41250000   5.99600000 142.20000000 
 -7.40250000   7.47000000 142.30000000 
 -7.39250000  12.21000000 142.40000000 
 -7.38250000  13.25000000 142.50000000 
 -7.37250000  14.30000000 142.60000000 
 -7.36250000  15.34000000 142.80000000 
 -7.35250000  16.38000000 142.90000000 
 -7.34250000  17.42000000 143.10000000 
 -7.33250000  19.18000000 143.30000000 
 -7.32250000  22.75000000 143.50000000 
 -7.31250000  22.62000000 143.70000000 
 -7.30250000  22.38000000 144.00000000 
 -7.29250000  22.05000000 144.20000000 
 -7.28250000  21.61000000 144.40000000 
 -7.27250000  21.06000000 144.60000000 
 -7.26250000  20.28000000 144.80000000 
 -7.25250000  19.26000000 145.00000000 
 -7.24250000  18.94000000 145.20000000 
 -7.23250000  19.49000000 145.40000000 
 -7.22250000  20.26000000 145.60000000 
 -7.21250000  20.10000000 145.80000000 
 -7.20250000  21.14000000 146.00000000 
 -7.19250000  22.24000000 146.20000000 
 -7.18250000  23.32000000 146.50000000 
 -7.17250000  24.32000000 146.70000000 
 -7.16250000  25.62000000 146.90000000 
 -7.15250000  27.00000000 147.20000000 
 -7.14250000  28.96000000 147.50000000 
 -7.13250000  32.19000000 147.80000000 
 -7.12250000  35.40000000 148.10000000 
 -7.11250000  38.66000000 148.50000000 
 -7.10250000  41.93000000 148.90000000 
 -7.09250000  43.74000000 149.30000000 
 -7.08250000  43.51000000 149.80000000 
 -7.07250000  41.93000000 150.20000000 
 -7.06250000  40.29000000 150.60000000 
 -7.05250000  39.23000000 151.00000000 
 -7.04250000  38.10000000 151.40000000 
 -7.03250000  30.60000000 151.80000000 
 -7.02250000  30.51000000 152.10000000 
 -7.01250000  30.76000000 152.40000000 
 -7.00250000  24.98000000 152.70000000 
 -6.99250000  55.82000000 153.10000000 
 -6.98250000  57.41000000 153.70000000 
 -6.97250000  51.99000000 154.20000000 
 -6.96250000  46.88000000 154.70000000 
 -6.95250000  40.79000000 155.20000000 
 -6.94250000  39.70000000 155.60000000 
 -6.93250000  40.49000000 156.00000000 
 -6.92250000  40.20000000 156.40000000 
 -6.91250000  40.73000000 156.80000000 
 -6.90250000  39.00000000 157.20000000 
 -6.89250000  37.21000000 157.50000000 
 -6.88250000  35.98000000 157.90000000 
 -6.87250000  35.37000000 158.30000000 
 -6.86250000  35.94000000 158.60000000 
 -6.85250000  38.47000000 159.00000000 
 -6.84250000  38.20000000 159.40000000 
 -6.83250000  38.92000000 159.80000000 
 -6.82250000  41.31000000 160.20000000 
 -6.81250000  45.93000000 160.60000000 
 -6.80250000  49.38000000 161.10000000 
 -6.79250000  48.91000000 161.60000000 
 -6.78250000  49.10000000 162.00000000 
 -6.77250000  52.43000000 162.60000000 
 -6.76250000  54.15000000 163.10000000 
 -6.75250000  54.58000000 163.60000000 
 -6.74250000  56.18000000 164.20000000 
 -6.73250000  55.28000000 164.70000000 
 -6.72250000  50.51000000 165.20000000 
 -6.71250000  54.23000000 165.80000000 
 -6.70250000  54.33000000 166.30000000 
 -6.69250000  54.85000000 166.90000000 
 -6.68250000  56.59000000 167.40000000 
 -6.67250000  59.07000000 168.00000000 
 -6.66250000  57.40000000 168.60000000 
 -6.65250000  56.48000000 169.10000000 
 -6.64250000  55.53000000 169.70000000 
 -6.63250000  52.63000000 170.30000000 
 -6.62250000  61.74000000 170.80000000 
 -6.61250000  77.20000000 171.50000000 
 -6.60250000  85.21000000 172.30000000 
 -6.59250000  77.18000000 173.20000000 
 -6.58250000  90.81000000 174.00000000 
 -6.57250000  61.97000000 174.80000000 
 -6.56250000  42.77000000 175.30000000 
 -6.55250000  38.80000000 175.70000000 
 -6.54250000  49.89000000 176.20000000 
 -6.53250000  70.50000000 176.80000000 
 -6.52250000  85.48000000 177.60000000 
 -6.51250000  55.02000000 178.20000000 
 -6.50250000  48.97000000 178.80000000 
 -6.49250000  47.12000000 179.20000000 
 -6.48250000  49.67000000 179.70000000 
 -6.47250000  77.44000000 180.30000000 
 -6.46250000  66.48000000 181.10000000 
 -6.45250000  71.18000000 181.80000000 
 -6.44250000  70.38000000 182.50000000 
 -6.43250000  44.13000000 183.00000000 
 -6.42250000  41.61000000 183.40000000 
 -6.41250000  45.99000000 183.90000000 
 -6.40250000  43.10000000 184.30000000 
 -6.39250000  38.35000000 184.70000000 
 -6.38250000  36.09000000 185.10000000 
 -6.37250000  34.89000000 185.50000000 
 -6.36250000  35.54000000 185.80000000 
 -6.35250000  37.13000000 186.20000000 
 -6.34250000  38.58000000 186.60000000 
 -6.33250000  39.95000000 186.90000000 
 -6.32250000  42.37000000 187.40000000 
 -6.31250000  45.11000000 187.80000000 
 -6.30250000  48.09000000 188.30000000 
 -6.29250000  52.36000000 188.80000000 
 -6.28250000  57.11000000 189.30000000 
 -6.27250000  63.57000000 189.90000000 
 -6.26250000  73.34000000 190.60000000 
 -6.25250000  61.38000000 191.20000000 
 -6.24250000  70.63000000 191.90000000 
 -6.23250000  84.33000000 192.70000000 
 -6.22250000  69.74000000 193.40000000 
 -6.21250000  70.98000000 194.20000000 
 -6.20250000  54.56000000 194.80000000 
 -6.19250000  62.20000000 195.30000000 
 -6.18250000  75.91000000 196.00000000 
 -6.17250000  55.63000000 196.70000000 
 -6.16250000  60.89000000 197.30000000 
 -6.15250000  64.79000000 197.90000000 
 -6.14250000  53.50000000 198.50000000 
 -6.13250000  52.48000000 199.00000000 
 -6.12250000  48.87000000 199.50000000 
 -6.11250000  42.34000000 200.00000000 
 -6.10250000  38.47000000 200.40000000 
 -6.09250000  37.70000000 200.80000000 
 -6.08250000  37.72000000 201.10000000 
 -6.07250000  38.25000000 201.50000000 
 -6.06250000  42.84000000 201.90000000 
 -6.05250000  46.57000000 202.40000000 
 -6.04250000  45.53000000 202.80000000 
 -6.03250000  43.25000000 203.30000000 
 -6.02250000  39.23000000 203.70000000 
 -6.01250000  34.89000000 204.10000000 
 -6.00250000  30.15000000 204.40000000 
 -5.99250000  25.65000000 204.70000000 
 -5.98250000  23.82000000 204.90000000 
 -5.97250000  28.03000000 205.20000000 
 -5.96250000  30.29000000 205.50000000 
 -5.95250000  28.71000000 205.80000000 
 -5.94250000  26.00000000 206.00000000 
 -5.93250000  23.19000000 206.30000000 
 -5.92250000  21.28000000 206.50000000 
 -5.91250000  20.63000000 206.70000000 
 -5.90250000  21.46000000 206.90000000 
 -5.89250000  22.71000000 207.10000000 
 -5.88250000  24.19000000 207.40000000 
 -5.87250000  26.98000000 207.60000000 
 -5.86250000  29.10000000 207.90000000 
 -5.85250000  29.97000000 208.20000000 
 -5.84250000  30.33000000 208.50000000 
 -5.83250000  31.55000000 208.80000000 
 -5.82250000  36.77000000 209.20000000 
 -5.81250000  38.87000000 209.60000000 
 -5.80250000  34.03000000 209.90000000 
 -5.79250000  28.40000000 210.20000000 
 -5.78250000  26.44000000 210.50000000 
 -5.77250000  26.61000000 210.80000000 
 -5.76250000  27.02000000 211.00000000 
 -5.75250000  27.66000000 211.30000000 
 -5.74250000  28.72000000 211.60000000 
 -5.73250000  28.19000000 211.90000000 
 -5.72250000  27.98000000 212.20000000 
 -5.71250000  27.65000000 212.40000000 
 -5.70250000  27.22000000 212.70000000 
 -5.69250000  26.69000000 213.00000000 
 -5.68250000  25.65000000 213.20000000 
 -5.67250000  23.24000000 213.50000000 
 -5.66250000  20.63000000 213.70000000 
 -5.65250000  19.24000000 213.90000000 
 -5.64250000  19.71000000 214.10000000 
 -5.63250000  25.27000000 214.30000000 
 -5.62250000  27.33000000 214.60000000 
 -5.61250000  29.06000000 214.90000000 
 -5.60250000  30.34000000 215.20000000 
 -5.59250000  31.12000000 215.50000000 
 -5.58250000  31.24000000 215.80000000 
 -5.57250000  30.79000000 216.10000000 
 -5.56250000  29.80000000 216.40000000 
 -5.55250000  29.21000000 216.70000000 
 -5.54250000  29.12000000 217.00000000 
 -5.53250000  27.01000000 217.30000000 
 -5.52250000  24.84000000 217.50000000 
 -5.51250000  23.33000000 217.80000000 
 -5.50250000  22.37000000 218.00000000 
 -5.49250000  21.80000000 218.20000000 
 -5.48250000  21.73000000 218.40000000 
 -5.47250000  20.85000000 218.60000000 
 -5.46250000  21.80000000 218.80000000 
 -5.45250000  25.53000000 219.10000000 
 -5.44250000  27.68000000 219.40000000 
 -5.43250000  30.96000000 219.70000000 
 -5.42250000  33.81000000 220.00000000 
 -5.41250000  39.93000000 220.40000000 
 -5.40250000  55.55000000 220.80000000 
 -5.39250000  46.75000000 221.40000000 
 -5.38250000  41.25000000 221.80000000 
 -5.37250000  39.65000000 222.20000000 
 -5.36250000  41.05000000 222.60000000 
 -5.35250000  42.48000000 223.00000000 
 -5.34250000  40.75000000 223.40000000 
 -5.33250000  38.35000000 223.80000000 
 -5.32250000  42.03000000 224.20000000 
 -5.31250000  44.36000000 224.70000000 
 -5.30250000  45.56000000 225.10000000 
 -5.29250000  43.79000000 225.60000000 
 -5.28250000  40.22000000 226.00000000 
 -5.27250000  37.60000000 226.40000000 
 -5.26250000  35.38000000 226.70000000 
 -5.25250000  35.23000000 227.10000000 
 -5.24250000  56.50000000 227.50000000 
 -5.23250000  80.11000000 228.20000000 
 -5.22250000  84.36000000 229.10000000 
 -5.21250000  48.81000000 229.60000000 
 -5.20250000  33.28000000 230.10000000 
 -5.19250000  27.25000000 230.40000000 
 -5.18250000  28.34000000 230.70000000 
 -5.17250000  30.93000000 230.90000000 
 -5.16250000  33.37000000 231.30000000 
 -5.15250000  35.62000000 231.60000000 
 -5.14250000  38.60000000 232.00000000 
 -5.13250000  40.90000000 232.40000000 
 -5.12250000  40.02000000 232.80000000 
 -5.11250000  39.32000000 233.20000000 
 -5.10250000  38.79000000 233.60000000 
 -5.09250000  38.14000000 234.00000000 
 -5.08250000  37.27000000 234.30000000 
 -5.07250000  35.63000000 234.70000000 
 -5.06250000  38.07000000 235.10000000 
 -5.05250000  41.04000000 235.50000000 
 -5.04250000  42.17000000 235.90000000 
 -5.03250000  40.12000000 236.30000000 
 -5.02250000  39.04000000 236.70000000 
 -5.01250000  38.61000000 237.10000000 
 -5.00250000  38.90000000 237.50000000 
 -4.99250000  43.02000000 237.90000000 
 -4.98250000  46.88000000 238.30000000 
 -4.97250000  49.62000000 238.80000000 
 -4.96250000  50.73000000 239.30000000 
 -4.95250000  51.49000000 239.80000000 
 -4.94250000  48.37000000 240.30000000 
 -4.93250000  47.44000000 240.80000000 
 -4.92250000  50.76000000 241.30000000 
 -4.91250000  50.94000000 241.80000000 
 -4.90250000  46.83000000 242.30000000 
 -4.89250000  43.64000000 242.70000000 
 -4.88250000  42.58000000 243.20000000 
 -4.87250000  41.76000000 243.60000000 
 -4.86250000  39.61000000 244.00000000 
 -4.85250000  36.31000000 244.40000000 
 -4.84250000  32.79000000 244.70000000 
 -4.83250000  30.68000000 245.00000000 
 -4.82250000  29.60000000 245.40000000 
 -4.81250000  29.07000000 245.60000000 
 -4.80250000  28.50000000 245.90000000 
 -4.79250000  28.16000000 246.20000000 
 -4.78250000  28.36000000 246.50000000 
 -4.77250000  29.00000000 246.80000000 
 -4.76250000  27.63000000 247.10000000 
 -4.75250000  27.47000000 247.30000000 
 -4.74250000  38.47000000 247.70000000 
 -4.73250000  48.24000000 248.10000000 
 -4.72250000  49.42000000 248.60000000 
 -4.71250000  52.81000000 249.10000000 
 -4.70250000  43.63000000 249.60000000 
 -4.69250000  62.33000000 250.10000000 
 -4.68250000  55.64000000 250.70000000 
 -4.67250000  53.06000000 251.20000000 
 -4.66250000  51.18000000 251.80000000 
 -4.65250000  49.63000000 252.30000000 
 -4.64250000  46.87000000 252.70000000 
 -4.63250000  45.94000000 253.20000000 
 -4.62250000  51.23000000 253.70000000 
 -4.61250000  57.65000000 254.20000000 
 -4.60250000  44.86000000 254.80000000 
 -4.59250000  50.79000000 255.20000000 
 -4.58250000  57.49000000 255.80000000 
 -4.57250000  58.30000000 256.40000000 
 -4.56250000  51.68000000 256.90000000 
 -4.55250000  50.27000000 257.40000000 
 -4.54250000  51.37000000 257.90000000 
 -4.53250000  44.82000000 258.40000000 
 -4.52250000  50.53000000 258.90000000 
 -4.51250000  55.32000000 259.40000000 
 -4.50250000  59.71000000 260.00000000 
 -4.49250000  63.37000000 260.60000000 
 -4.48250000  56.63000000 261.30000000 
 -4.47250000  52.93000000 261.90000000 
 -4.46250000  52.25000000 262.40000000 
 -4.45250000  39.54000000 262.80000000 
 -4.44250000  41.31000000 263.20000000 
 -4.43250000  42.76000000 263.70000000 
 -4.42250000  43.18000000 264.10000000 
 -4.41250000  40.50000000 264.50000000 
 -4.40250000  39.39000000 264.90000000 
 -4.39250000  41.98000000 265.30000000 
 -4.38250000  46.16000000 265.80000000 
 -4.37250000  47.47000000 266.20000000 
 -4.36250000  41.68000000 266.70000000 
 -4.35250000  44.59000000 267.10000000 
 -4.34250000  47.03000000 267.60000000 
 -4.33250000  49.10000000 268.00000000 
 -4.32250000  50.79000000 268.50000000 
 -4.31250000  42.68000000 269.00000000 
 -4.30250000  42.91000000 269.40000000 
 -4.29250000  43.52000000 269.90000000 
 -4.28250000  44.74000000 270.30000000 
 -4.27250000  47.95000000 270.80000000 
 -4.26250000  52.10000000 271.30000000 
 -4.25250000  56.87000000 271.80000000 
 -4.24250000  61.01000000 272.40000000 
 -4.23250000  63.43000000 273.00000000 
 -4.22250000  63.17000000 273.70000000 
 -4.21250000  62.82000000 274.30000000 
 -4.20250000  62.71000000 274.90000000 
 -4.19250000  60.97000000 275.50000000 
 -4.18250000  62.52000000 276.10000000 
 -4.17250000  70.41000000 276.80000000 
 -4.16250000  72.05000000 277.50000000 
 -4.15250000  68.15000000 278.20000000 
 -4.14250000  58.55000000 278.90000000 
 -4.13250000  52.57000000 279.40000000 
 -4.12250000  48.08000000 279.90000000 
 -4.11250000  33.34000000 280.30000000 
 -4.10250000  42.38000000 280.70000000 
 -4.09250000  52.93000000 281.20000000 
 -4.08250000  69.34000000 281.80000000 
 -4.07250000  82.98000000 282.60000000 
 -4.06250000  82.61000000 283.30000000 
 -4.05250000  57.75000000 284.10000000 
 -4.04250000  73.86000000 284.70000000 
 -4.03250000  85.97000000 285.60000000 
 -4.02250000  68.64000000 286.40000000 
 -4.01250000  71.67000000 287.10000000 
 -4.00250000 128.10000000 287.80000000 
 -3.99250000  54.85000000 288.90000000 
 -3.98250000  97.23000000 289.60000000 
 -3.97250000 114.40000000 290.70000000 
 -3.96250000  80.90000000 291.60000000 
 -3.95250000  81.32000000 292.40000000 
 -3.94250000 101.30000000 293.30000000 
 -3.93250000  83.51000000 294.30000000 
 -3.92250000  93.48000000 295.10000000 
 -3.91250000  93.45000000 296.00000000 
 -3.90250000  83.78000000 296.90000000 
 -3.89250000  65.79000000 297.70000000 
 -3.88250000  88.21000000 298.40000000 
 -3.87250000  90.95000000 299.30000000 
 -3.86250000 123.80000000 300.40000000 
 -3.85250000  71.28000000 301.30000000 
 -3.84250000  75.49000000 302.10000000 
 -3.83250000  66.37000000 302.80000000 
 -3.82250000  61.74000000 303.40000000 
 -3.81250000  57.55000000 304.00000000 
 -3.80250000  44.91000000 304.50000000 
 -3.79250000  41.51000000 304.90000000 
 -3.78250000  61.73000000 305.40000000 
 -3.77250000  54.48000000 306.00000000 
 -3.76250000  51.68000000 306.50000000 
 -3.75250000  76.12000000 307.10000000 
 -3.74250000  68.21000000 307.90000000 
 -3.73250000 126.20000000 308.60000000 
 -3.72250000  70.51000000 309.40000000 
 -3.71250000  64.58000000 310.10000000 
 -3.70250000  63.75000000 310.70000000 
 -3.69250000  68.23000000 311.40000000 
 -3.68250000  72.54000000 312.10000000 
 -3.67250000  85.45000000 312.90000000 
 -3.66250000  77.87000000 313.70000000 
 -3.65250000  72.97000000 314.50000000 
 -3.64250000  76.87000000 315.20000000 
 -3.63250000  82.56000000 316.00000000 
 -3.62250000  88.02000000 316.90000000 
 -3.61250000  92.41000000 317.80000000 
 -3.60250000  84.15000000 318.70000000 
 -3.59250000  90.03000000 319.60000000 
 -3.58250000  62.20000000 320.30000000 
 -3.57250000  65.12000000 320.90000000 
 -3.56250000  65.14000000 321.60000000 
 -3.55250000  67.17000000 322.20000000 
 -3.54250000  71.08000000 322.90000000 
 -3.53250000  69.13000000 323.70000000 
 -3.52250000  69.99000000 324.30000000 
 -3.51250000  74.70000000 325.10000000 
 -3.50250000  59.64000000 325.80000000 
 -3.49250000  48.22000000 326.30000000 
 -3.48250000  90.26000000 326.90000000 
 -3.47250000  76.81000000 327.80000000 
 -3.46250000  68.98000000 328.50000000 
 -3.45250000  68.64000000 329.20000000 
 -3.44250000  60.47000000 329.80000000 
 -3.43250000  53.73000000 330.40000000 
 -3.42250000  64.62000000 331.00000000 
 -3.41250000  64.75000000 331.70000000 
 -3.40250000  54.07000000 332.20000000 
 -3.39250000  49.56000000 332.80000000 
 -3.38250000  50.36000000 333.30000000 
 -3.37250000  50.18000000 333.80000000 
 -3.36250000  50.80000000 334.30000000 
 -3.35250000  61.55000000 334.80000000 
 -3.34250000  77.31000000 335.50000000 
 -3.33250000  74.36000000 336.20000000 
 -3.32250000  83.29000000 337.00000000 
 -3.31250000  90.73000000 338.00000000 
 -3.30250000  94.23000000 338.90000000 
 -3.29250000  74.15000000 339.70000000 
 -3.28250000  81.98000000 340.50000000 
 -3.27250000  66.26000000 341.40000000 
 -3.26250000  65.36000000 342.00000000 
 -3.25250000  63.47000000 342.70000000 
 -3.24250000  68.67000000 343.30000000 
 -3.23250000  76.70000000 344.00000000 
 -3.22250000  71.00000000 344.80000000 
 -3.21250000  64.91000000 345.50000000 
 -3.20250000  65.82000000 346.10000000 
 -3.19250000  69.57000000 346.80000000 
 -3.18250000  66.84000000 347.50000000 
 -3.17250000  67.90000000 348.10000000 
 -3.16250000  80.53000000 348.90000000 
 -3.15250000  68.43000000 349.60000000 
 -3.14250000  74.61000000 350.30000000 
 -3.13250000  81.78000000 351.10000000 
 -3.12250000  84.12000000 352.00000000 
 -3.11250000  76.17000000 352.70000000 
 -3.10250000  83.39000000 353.50000000 
 -3.09250000  78.55000000 354.30000000 
 -3.08250000  98.16000000 355.20000000 
 -3.07250000  90.14000000 356.10000000 
 -3.06250000  72.99000000 356.90000000 
 -3.05250000  66.90000000 357.60000000 
 -3.04250000  64.83000000 358.30000000 
 -3.03250000  63.32000000 358.90000000 
 -3.02250000  64.31000000 359.50000000 
 -3.01250000  59.43000000 360.10000000 
 -3.00250000  51.86000000 360.70000000 
 -2.99250000  71.74000000 361.30000000 
 -2.98250000  68.31000000 362.00000000 
 -2.97250000  63.11000000 362.70000000 
 -2.96250000  88.75000000 363.50000000 
 -2.95250000  95.54000000 364.40000000 
 -2.94250000  99.94000000 365.40000000 
 -2.93250000 127.60000000 366.50000000 
 -2.92250000  91.16000000 367.50000000 
 -2.91250000 106.40000000 368.50000000 
 -2.90250000 102.10000000 369.60000000 
 -2.89250000  95.42000000 370.60000000 
 -2.88250000  89.87000000 371.50000000 
 -2.87250000 108.00000000 372.50000000 
 -2.86250000 111.70000000 373.60000000 
 -2.85250000 116.60000000 374.70000000 
 -2.84250000 112.50000000 375.90000000 
 -2.83250000 104.20000000 377.00000000 
 -2.82250000 112.10000000 378.10000000 
 -2.81250000  94.77000000 379.10000000 
 -2.80250000  88.13000000 380.10000000 
 -2.79250000  97.03000000 380.90000000 
 -2.78250000  82.83000000 381.80000000 
 -2.77250000  73.26000000 382.60000000 
 -2.76250000  77.38000000 383.30000000 
 -2.75250000  73.12000000 384.10000000 
 -2.74250000  72.78000000 384.80000000 
 -2.73250000  73.48000000 385.60000000 
 -2.72250000  72.98000000 386.30000000 
 -2.71250000  74.33000000 387.00000000 
 -2.70250000  78.31000000 387.80000000 
 -2.69250000  73.74000000 388.60000000 
 -2.68250000  68.28000000 389.30000000 
 -2.67250000  59.14000000 389.90000000 
 -2.66250000  80.92000000 390.60000000 
 -2.65250000  80.45000000 391.40000000 
 -2.64250000  83.97000000 392.20000000 
 -2.63250000  83.80000000 393.00000000 
 -2.62250000  78.47000000 393.90000000 
 -2.61250000 106.70000000 394.80000000 
 -2.60250000 129.30000000 396.00000000 
 -2.59250000 132.90000000 397.30000000 
 -2.58250000 113.50000000 398.60000000 
 -2.57250000  97.32000000 399.60000000 
 -2.56250000  83.78000000 400.60000000 
 -2.55250000  63.64000000 401.30000000 
 -2.54250000  62.42000000 401.90000000 
 -2.53250000 115.60000000 402.70000000 
 -2.52250000 117.70000000 403.80000000 
 -2.51250000  94.29000000 404.80000000 
 -2.50250000  66.41000000 405.60000000 
 -2.49250000  53.58000000 406.20000000 
 -2.48250000  65.10000000 406.80000000 
 -2.47250000  70.63000000 407.50000000 
 -2.46250000  67.34000000 408.20000000 
 -2.45250000  49.49000000 408.70000000 
 -2.44250000  73.97000000 409.30000000 
 -2.43250000  83.68000000 410.10000000 
 -2.42250000  81.61000000 410.90000000 
 -2.41250000  72.58000000 411.80000000 
 -2.40250000  40.62000000 412.40000000 
 -2.39250000  60.05000000 412.90000000 
 -2.38250000  59.48000000 413.50000000 
 -2.37250000  95.17000000 414.30000000 
 -2.36250000  99.44000000 415.30000000 
 -2.35250000  56.42000000 416.10000000 
 -2.34250000  39.27000000 416.60000000 
 -2.33250000  37.41000000 416.90000000 
 -2.32250000  56.34000000 417.40000000 
 -2.31250000  47.49000000 417.90000000 
 -2.30250000  50.85000000 418.40000000 
 -2.29250000  67.50000000 419.00000000 
 -2.28250000  60.36000000 419.60000000 
 -2.27250000  54.08000000 420.20000000 
 -2.26250000  49.37000000 420.70000000 
 -2.25250000  51.53000000 421.20000000 
 -2.24250000  47.82000000 421.70000000 
 -2.23250000  50.17000000 422.20000000 
 -2.22250000  54.24000000 422.80000000 
 -2.21250000  55.77000000 423.30000000 
 -2.20250000  53.81000000 423.90000000 
 -2.19250000  56.25000000 424.40000000 
 -2.18250000  72.42000000 425.00000000 
 -2.17250000  61.94000000 425.70000000 
 -2.16250000  64.07000000 426.30000000 
 -2.15250000  74.23000000 427.00000000 
 -2.14250000  80.77000000 427.80000000 
 -2.13250000  76.50000000 428.60000000 
 -2.12250000  68.80000000 429.30000000 
 -2.11250000  75.33000000 430.00000000 
 -2.10250000  75.90000000 430.80000000 
 -2.09250000  78.97000000 431.50000000 
 -2.08250000 104.00000000 432.40000000 
 -2.07250000  73.38000000 433.30000000 
 -2.06250000  80.13000000 434.00000000 
 -2.05250000  90.48000000 434.90000000 
 -2.04250000  95.49000000 435.80000000 
 -2.03250000  99.63000000 436.80000000 
 -2.02250000 101.10000000 437.80000000 
 -2.01250000 104.00000000 438.80000000 
 -2.00250000 103.70000000 439.90000000 
 -1.99250000 103.20000000 440.90000000 
 -1.98250000 105.70000000 442.00000000 
 -1.97250000 109.50000000 443.00000000 
 -1.96250000 114.10000000 444.20000000 
 -1.95250000 113.60000000 445.30000000 
 -1.94250000 109.60000000 446.40000000 
 -1.93250000 107.20000000 447.50000000 
 -1.92250000 109.10000000 448.60000000 
 -1.91250000 120.50000000 449.70000000 
 -1.90250000 117.20000000 450.90000000 
 -1.89250000  98.14000000 452.00000000 
 -1.88250000  85.30000000 452.90000000 
 -1.87250000  91.63000000 453.80000000 
 -1.86250000  77.42000000 454.60000000 
 -1.85250000  78.76000000 455.30000000 
 -1.84250000 132.80000000 456.20000000 
 -1.83250000 108.70000000 457.30000000 
 -1.82250000 108.90000000 458.50000000 
 -1.81250000 103.90000000 459.50000000 
 -1.80250000 109.80000000 460.60000000 
 -1.79250000  98.12000000 461.60000000 
 -1.78250000  91.54000000 462.60000000 
 -1.77250000  91.17000000 463.50000000 
 -1.76250000  97.39000000 464.40000000 
 -1.75250000  99.93000000 465.40000000 
 -1.74250000  87.07000000 466.40000000 
 -1.73250000 130.80000000 467.40000000 
 -1.72250000 109.30000000 468.70000000 
 -1.71250000 119.80000000 469.80000000 
 -1.70250000 164.70000000 471.20000000 
 -1.69250000 140.40000000 472.80000000 
 -1.68250000  92.87000000 473.90000000 
 -1.67250000  89.27000000 474.90000000 
 -1.66250000  98.73000000 475.80000000 
 -1.65250000 113.70000000 476.80000000 
 -1.64250000 137.90000000 478.10000000 
 -1.63250000 115.40000000 479.30000000 
 -1.62250000 155.20000000 480.70000000 
 -1.61250000 148.40000000 482.20000000 
 -1.60250000 135.60000000 483.70000000 
 -1.59250000 120.90000000 485.00000000 
 -1.58250000 104.50000000 486.10000000 
 -1.57250000 124.10000000 487.20000000 
 -1.56250000  99.56000000 488.30000000 
 -1.55250000 108.90000000 489.30000000 
 -1.54250000  95.41000000 490.30000000 
 -1.53250000 102.10000000 491.20000000 
 -1.52250000 107.20000000 492.30000000 
 -1.51250000 124.60000000 493.50000000 
 -1.50250000 110.60000000 494.70000000 
 -1.49250000 142.00000000 495.80000000 
 -1.48250000 120.60000000 497.20000000 
 -1.47250000 120.40000000 498.50000000 
 -1.46250000 104.40000000 499.60000000 
 -1.45250000  83.93000000 500.50000000 
 -1.44250000  76.28000000 501.30000000 
 -1.43250000 106.50000000 502.20000000 
 -1.42250000 106.60000000 503.30000000 
 -1.41250000  94.83000000 504.30000000 
 -1.40250000  91.85000000 505.20000000 
 -1.39250000  76.88000000 506.00000000 
 -1.38250000  90.82000000 506.80000000 
 -1.37250000 115.80000000 507.90000000 
 -1.36250000 122.40000000 509.10000000 
 -1.35250000 106.10000000 510.30000000 
 -1.34250000 107.50000000 511.30000000 
 -1.33250000 136.90000000 512.50000000 
 -1.32250000 160.00000000 514.20000000 
 -1.31250000 140.10000000 515.70000000 
 -1.30250000 121.90000000 516.90000000 
 -1.29250000 123.10000000 518.20000000 
 -1.28250000  95.51000000 519.30000000 
 -1.27250000  95.52000000 520.20000000 
 -1.26250000 126.30000000 521.30000000 
 -1.25250000 115.00000000 522.60000000 
 -1.24250000  85.19000000 523.50000000 
 -1.23250000  95.89000000 524.30000000 
 -1.22250000 165.30000000 525.90000000 
 -1.21250000 102.90000000 527.00000000 
 -1.20250000  76.99000000 528.10000000 
 -1.19250000 120.00000000 529.10000000 
 -1.18250000 124.80000000 530.30000000 
 -1.17250000 116.60000000 531.30000000 
 -1.16250000 137.10000000 532.60000000 
 -1.15250000 100.40000000 533.90000000 
 -1.14250000  72.27000000 534.70000000 
 -1.13250000  92.29000000 535.40000000 
 -1.12250000 109.70000000 536.50000000 
 -1.11250000  81.64000000 537.40000000 
 -1.10250000  59.17000000 538.10000000 
 -1.09250000  46.85000000 538.60000000 
 -1.08250000  59.67000000 539.10000000 
 -1.07250000  79.71000000 539.90000000 
 -1.06250000  83.65000000 540.60000000 
 -1.05250000  95.98000000 541.60000000 
 -1.04250000  82.61000000 542.50000000 
 -1.03250000  68.93000000 543.20000000 
 -1.02250000  56.16000000 543.80000000 
 -1.01250000  47.43000000 544.40000000 
 -1.00250000  45.30000000 544.80000000 
 -0.99250000  49.57000000 545.30000000 
 -0.98250000  61.47000000 545.90000000 
 -0.97250000  54.44000000 546.50000000 
 -0.96250000  71.57000000 547.00000000 
 -0.95250000  83.97000000 547.80000000 
 -0.94250000  71.24000000 548.60000000 
 -0.93250000  45.88000000 549.20000000 
 -0.92250000  69.71000000 549.80000000 
 -0.91250000  55.98000000 550.30000000 
 -0.90250000  56.42000000 550.90000000 
 -0.89250000  53.66000000 551.50000000 
 -0.88250000  47.56000000 552.00000000 
 -0.87250000  42.48000000 552.40000000 
 -0.86250000  39.95000000 552.80000000 
 -0.85250000  38.99000000 553.20000000 
 -0.84250000  38.18000000 553.60000000 
 -0.83250000  37.32000000 554.00000000 
 -0.82250000  38.27000000 554.40000000 
 -0.81250000  40.29000000 554.80000000 
 -0.80250000  42.40000000 555.20000000 
 -0.79250000  45.27000000 555.60000000 
 -0.78250000  47.83000000 556.10000000 
 -0.77250000  50.25000000 556.60000000 
 -0.76250000  52.63000000 557.10000000 
 -0.75250000  55.06000000 557.60000000 
 -0.74250000  57.97000000 558.20000000 
 -0.73250000  63.09000000 558.80000000 
 -0.72250000  67.98000000 559.40000000 
 -0.71250000  70.33000000 560.10000000 
 -0.70250000  73.14000000 560.90000000 
 -0.69250000  61.02000000 561.60000000 
 -0.68250000  80.65000000 562.30000000 
 -0.67250000  58.74000000 563.00000000 
 -0.66250000  51.96000000 563.50000000 
 -0.65250000  60.36000000 564.10000000 
 -0.64250000  71.06000000 564.80000000 
 -0.63250000  73.90000000 565.50000000 
 -0.62250000  72.00000000 566.20000000 
 -0.61250000  66.14000000 566.90000000 
 -0.60250000  50.24000000 567.50000000 
 -0.59250000  22.50000000 567.90000000 
 -0.58250000   2.75600000 568.00000000 
 -0.57250000   0.00000000 568.00000000 
 -0.56250000   0.00000000 568.00000000 
 -0.55250000   0.00000000 568.00000000 
 -0.54250000   0.00000000 568.00000000 
 -0.53250000   0.00000000 568.00000000 
 -0.52250000   0.00000000 568.00000000 
 -0.51250000   0.00000000 568.00000000 
 -0.50250000   0.00000000 568.00000000 
 -0.49250000   0.00000000 568.00000000 
 -0.48250000   0.00000000 568.00000000 
 -0.47250000   0.00000000 568.00000000 
 -0.46250000   0.00000000 568.00000000 
 -0.45250000   0.00000000 568.00000000 
 -0.44250000   0.00000000 568.00000000 
 -0.43250000   0.00000000 568.00000000 
 -0.42250000   0.00000000 568.00000000 
 -0.41250000   0.00000000 568.00000000 
 -0.40250000   0.00000000 568.00000000 
 -0.39250000   0.00000000 568.00000000 
 -0.38250000   0.00000000 568.00000000 
 -0.37250000   0.00000000 568.00000000 
 -0.36250000   0.00000000 568.00000000 
 -0.35250000   0.00000000 568.00000000 
 -0.34250000   0.00000000 568.00000000 
 -0.33250000   0.00000000 568.00000000 
 -0.32250000   0.00000000 568.00000000 
 -0.31250000   0.00000000 568.00000000 
 -0.30250000   0.00000000 568.00000000 
 -0.29250000   0.00000000 568.00000000 
 -0.28250000   0.00000000 568.00000000 
 -0.27250000   0.00000000 568.00000000 
 -0.26250000   0.00000000 568.00000000 
 -0.25250000   0.00000000 568.00000000 
 -0.24250000   0.00833000 568.00000000 
 -0.23250000   0.08242000 568.00000000 
 -0.22250000   0.23320000 568.00000000 
 -0.21250000   0.46070000 568.00000000 
 -0.20250000   0.76480000 568.00000000 
 -0.19250000   1.14600000 568.00000000 
 -0.18250000   1.60300000 568.00000000 
 -0.17250000   2.13700000 568.10000000 
 -0.16250000   2.74800000 568.10000000 
 -0.15250000   3.43600000 568.10000000 
 -0.14250000   4.20000000 568.10000000 
 -0.13250000   5.04100000 568.20000000 
 -0.12250000   5.96700000 568.20000000 
 -0.11250000   7.36500000 568.30000000 
 -0.10250000   9.45300000 568.40000000 
 -0.09250000  12.23000000 568.50000000 
 -0.08250000  14.18000000 568.60000000 
 -0.07250000  16.06000000 568.80000000 
 -0.06250000  21.05000000 569.00000000 
 -0.05250000  22.94000000 569.20000000 
 -0.04250000  20.59000000 569.40000000 
 -0.03250000  18.18000000 569.60000000 
 -0.02250000  15.71000000 569.80000000 
 -0.01250000  13.19000000 569.90000000 
 -0.00250000   0.00000000 570.00000000 
  0.00750000   0.00000000 570.00000000 
  0.01750000   0.00000000 570.00000000 
  0.02750000   0.00000000 570.00000000 
  0.03750000   0.00000000 570.00000000 
  0.04750000   0.00000000 570.00000000 
  0.05750000   0.00000000 570.00000000 
  0.06750000   0.00000000 570.00000000 
  0.07750000   0.00000000 570.00000000 
  0.08750000   0.00000000 570.00000000 
  0.09750000   0.00000000 570.00000000 
  0.10750000   0.00000000 570.00000000 
  0.11750000   0.00000000 570.00000000 
  0.12750000   0.00000000 570.00000000 
  0.13750000   0.00000000 570.00000000 
  0.14750000   0.00000000 570.00000000 
  0.15750000   0.00000000 570.00000000 
  0.16750000   0.00000000 570.00000000 
  0.17750000   0.00000000 570.00000000 
  0.18750000   0.00000000 570.00000000 
  0.19750000   0.00000000 570.00000000 
  0.20750000   0.00000000 570.00000000 
  0.21750000   0.00000000 570.00000000 
  0.22750000   0.00000000 570.00000000 
  0.23750000   0.00000000 570.00000000 
  0.24750000   0.00000000 570.00000000 
  0.25750000   0.00000000 570.00000000 
  0.26750000   0.00000000 570.00000000 
  0.27750000   0.00000000 570.00000000 
  0.28750000   0.00000000 570.00000000 
  0.29750000   0.00000000 570.00000000 
  0.30750000   0.00000000 570.00000000 
  0.31750000   0.00000000 570.00000000 
  0.32750000   0.00000000 570.00000000 
  0.33750000   0.00000000 570.00000000 
  0.34750000   0.00000000 570.00000000 
  0.35750000   0.00000000 570.00000000 
  0.36750000   0.00000000 570.00000000 
  0.37750000   0.00000000 570.00000000 
  0.38750000   0.00000000 570.00000000 
  0.39750000   0.00000000 570.00000000 
  0.40750000   0.00000000 570.00000000 
  0.41750000   0.00000000 570.00000000 
  0.42750000   0.00000000 570.00000000 
  0.43750000   0.00000000 570.00000000 
  0.44750000   0.00000000 570.00000000 
  0.45750000   0.00000000 570.00000000 
  0.46750000   0.00000000 570.00000000 
  0.47750000   0.00000000 570.00000000 
  0.48750000   0.00000000 570.00000000 
  0.49750000   0.00000000 570.00000000 
  0.50750000   0.00000000 570.00000000 
  0.51750000   0.00000000 570.00000000 
  0.52750000   0.00000000 570.00000000 
  0.53750000   0.00000000 570.00000000 
  0.54750000   0.00000000 570.00000000 
  0.55750000   0.00000000 570.00000000 
  0.56750000   0.00000000 570.00000000 
  0.57750000   0.00000000 570.00000000 
  0.58750000   0.00000000 570.00000000 
  0.59750000   0.00000000 570.00000000 
  0.60750000   0.00000000 570.00000000 
  0.61750000   0.00000000 570.00000000 
  0.62750000   0.00000000 570.00000000 
  0.63750000   0.00000000 570.00000000 
  0.64750000   0.00000000 570.00000000 
  0.65750000   0.00000000 570.00000000 
  0.66750000   0.00000000 570.00000000 
  0.67750000   0.00000000 570.00000000 
  0.68750000   0.00000000 570.00000000 
  0.69750000   0.00000000 570.00000000 
  0.70750000   0.00000000 570.00000000 
  0.71750000   0.00000000 570.00000000 
  0.72750000   0.00000000 570.00000000 
  0.73750000   0.00000000 570.00000000 
  0.74750000   0.00000000 570.00000000 
  0.75750000   0.00000000 570.00000000 
  0.76750000   0.00000000 570.00000000 
  0.77750000   0.00000000 570.00000000 
  0.78750000   0.00000000 570.00000000 
  0.79750000   0.00000000 570.00000000 
  0.80750000   0.00000000 570.00000000 
  0.81750000   0.00000000 570.00000000 
  0.82750000   0.00000000 570.00000000 
  0.83750000   0.00000000 570.00000000 
  0.84750000   0.00000000 570.00000000 
  0.85750000   0.00000000 570.00000000 
  0.86750000   0.00000000 570.00000000 
  0.87750000   0.00000000 570.00000000 
  0.88750000   0.00000000 570.00000000 
  0.89750000   0.00000000 570.00000000 
  0.90750000   0.00000000 570.00000000 
  0.91750000   0.00000000 570.00000000 
  0.92750000   0.00000000 570.00000000 
  0.93750000   0.00000000 570.00000000 
  0.94750000   0.00000000 570.00000000 
  0.95750000   0.00000000 570.00000000 
  0.96750000   0.00000000 570.00000000 
  0.97750000   0.00000000 570.00000000 
  0.98750000   0.00000000 570.00000000 
  0.99750000   0.00000000 570.00000000 
  1.00750000   0.00000000 570.00000000 
  1.01750000   0.00000000 570.00000000 
  1.02750000   0.00000000 570.00000000 
  1.03750000   0.00000000 570.00000000 
  1.04750000   0.00000000 570.00000000 
  1.05750000   0.00000000 570.00000000 
  1.06750000   0.00000000 570.00000000 
  1.07750000   0.00000000 570.00000000 
  1.08750000   0.00000000 570.00000000 
  1.09750000   0.00000000 570.00000000 
  1.10750000   0.00000000 570.00000000 
  1.11750000   0.00000000 570.00000000 
  1.12750000   0.00000000 570.00000000 
  1.13750000   0.00000000 570.00000000 
  1.14750000   0.00000000 570.00000000 
  1.15750000   0.00000000 570.00000000 
  1.16750000   0.00000000 570.00000000 
  1.17750000   0.00000000 570.00000000 
  1.18750000   0.00000000 570.00000000 
  1.19750000   0.00000000 570.00000000 
  1.20750000   0.00000000 570.00000000 
  1.21750000   0.00000000 570.00000000 
  1.22750000   0.00000000 570.00000000 
  1.23750000   0.00000000 570.00000000 
  1.24750000   0.00000000 570.00000000 
  1.25750000   0.00000000 570.00000000 
  1.26750000   0.00000000 570.00000000 
  1.27750000   0.00000000 570.00000000 
  1.28750000   0.00000000 570.00000000 
  1.29750000   0.00000000 570.00000000 
  1.30750000   0.00000000 570.00000000 
  1.31750000   0.00000000 570.00000000 
  1.32750000   0.00000000 570.00000000 
  1.33750000   0.00000000 570.00000000 
  1.34750000   0.00000000 570.00000000 
  1.35750000   0.00000000 570.00000000 
  1.36750000   0.00000000 570.00000000 
  1.37750000   0.00000000 570.00000000 
  1.38750000   0.00000000 570.00000000 
  1.39750000   0.00000000 570.00000000 
  1.40750000   0.00000000 570.00000000 
  1.41750000   0.00000000 570.00000000 
  1.42750000   0.00000000 570.00000000 
  1.43750000   0.00000000 570.00000000 
  1.44750000   0.00000000 570.00000000 
  1.45750000   0.00000000 570.00000000 
  1.46750000   0.00000000 570.00000000 
  1.47750000   0.00000000 570.00000000 
  1.48750000   0.00000000 570.00000000 
  1.49750000   0.00030120 570.00000000 
  1.50750000   0.00152100 570.00000000 
  1.51750000   0.00367900 570.00000000 
  1.52750000   0.00677400 570.00000000 
  1.53750000   0.01081000 570.00000000 
  1.54750000   0.01578000 570.00000000 
  1.55750000   0.02169000 570.00000000 
  1.56750000   0.02853000 570.00000000 
  1.57750000   0.03631000 570.00000000 
  1.58750000   0.04503000 570.00000000 
  1.59750000   0.05469000 570.00000000 
  1.60750000   0.06529000 570.00000000 
  1.61750000   0.07682000 570.00000000 
  1.62750000   0.08929000 570.00000000 
  1.63750000   0.10270000 570.00000000 
  1.64750000   0.11700000 570.00000000 
  1.65750000   0.13230000 570.00000000 
  1.66750000   0.14850000 570.00000000 
  1.67750000   0.16570000 570.00000000 
  1.68750000   0.18380000 570.00000000 
  1.69750000   0.20280000 570.00000000 
  1.70750000   0.22280000 570.00000000 
  1.71750000   0.24370000 570.00000000 
  1.72750000   0.26560000 570.00000000 
  1.73750000   0.28830000 570.00000000 
  1.74750000   0.31210000 570.00000000 
  1.75750000   0.33670000 570.00000000 
  1.76750000   0.36230000 570.00000000 
  1.77750000   0.38880000 570.00000000 
  1.78750000   0.41630000 570.00000000 
  1.79750000   0.44470000 570.00000000 
  1.80750000   0.47410000 570.10000000 
  1.81750000   0.50430000 570.10000000 
  1.82750000   0.53560000 570.10000000 
  1.83750000   0.56770000 570.10000000 
  1.84750000   0.60080000 570.10000000 
  1.85750000   0.63490000 570.10000000 
  1.86750000   0.66980000 570.10000000 
  1.87750000   0.70570000 570.10000000 
  1.88750000   0.74260000 570.10000000 
  1.89750000   0.78040000 570.10000000 
  1.90750000   0.81910000 570.10000000 
  1.91750000   0.85870000 570.10000000 
  1.92750000   0.89930000 570.10000000 
  1.93750000   0.94090000 570.10000000 
  1.94750000   0.98330000 570.20000000 
  1.95750000   1.02700000 570.20000000 
  1.96750000   1.07100000 570.20000000 
  1.97750000   1.11600000 570.20000000 
  1.98750000   1.16300000 570.20000000 
  1.99750000   1.21100000 570.20000000 
  2.00750000   1.26200000 570.20000000 
  2.01750000   1.31600000 570.20000000 
  2.02750000   1.39700000 570.20000000 
  2.03750000   1.48500000 570.30000000 
  2.04750000   1.57400000 570.30000000 
  2.05750000   1.66100000 570.30000000 
  2.06750000   1.74800000 570.30000000 
  2.07750000   1.83500000 570.30000000 
  2.08750000   1.92000000 570.30000000 
  2.09750000   2.00600000 570.40000000 
  2.10750000   2.09000000 570.40000000 
  2.11750000   2.17400000 570.40000000 
  2.12750000   2.25800000 570.40000000 
  2.13750000   2.34000000 570.40000000 
  2.14750000   2.42300000 570.50000000 
  2.15750000   2.50400000 570.50000000 
  2.16750000   2.58400000 570.50000000 
  2.17750000   2.65900000 570.50000000 
  2.18750000   2.72900000 570.60000000 
  2.19750000   2.79500000 570.60000000 
  2.20750000   2.85700000 570.60000000 
  2.21750000   2.91500000 570.70000000 
  2.22750000   2.96900000 570.70000000 
  2.23750000   3.01800000 570.70000000 
  2.24750000   3.06200000 570.80000000 
  2.25750000   3.10300000 570.80000000 
  2.26750000   3.13900000 570.80000000 
  2.27750000   3.17100000 570.80000000 
  2.28750000   3.19800000 570.90000000 
  2.29750000   3.22100000 570.90000000 
  2.30750000   3.24000000 570.90000000 
  2.31750000   3.25500000 571.00000000 
  2.32750000   3.26500000 571.00000000 
  2.33750000   3.27100000 571.00000000 
  2.34750000   3.27200000 571.10000000 
  2.35750000   3.26900000 571.10000000 
  2.36750000   3.26200000 571.10000000 
  2.37750000   3.25100000 571.20000000 
  2.38750000   3.23600000 571.20000000 
  2.39750000   3.26000000 571.20000000 
  2.40750000   3.34000000 571.30000000 
  2.41750000   3.44200000 571.30000000 
  2.42750000   3.54100000 571.30000000 
  2.43750000   3.63600000 571.40000000 
  2.44750000   3.72900000 571.40000000 
  2.45750000   3.81900000 571.40000000 
  2.46750000   3.90600000 571.50000000 
  2.47750000   3.99000000 571.50000000 
  2.48750000   4.07100000 571.60000000 
  2.49750000   4.14900000 571.60000000 
  2.50750000   4.22400000 571.60000000 
  2.51750000   4.29600000 571.70000000 
  2.52750000   4.36500000 571.70000000 
  2.53750000   4.43100000 571.80000000 
  2.54750000   4.49400000 571.80000000 
  2.55750000   4.55400000 571.90000000 
  2.56750000   4.61100000 571.90000000 
  2.57750000   4.66500000 572.00000000 
  2.58750000   4.71600000 572.00000000 
  2.59750000   4.76400000 572.10000000 
  2.60750000   4.81200000 572.10000000 
  2.61750000   4.85800000 572.20000000 
  2.62750000   4.90300000 572.20000000 
  2.63750000   4.94700000 572.20000000 
  2.64750000   4.97100000 572.30000000 
  2.65750000   5.19100000 572.30000000 
  2.66750000   5.39400000 572.40000000 
  2.67750000   5.58000000 572.50000000 
  2.68750000   5.74800000 572.50000000 
  2.69750000   5.89900000 572.60000000 
  2.70750000   6.03300000 572.60000000 
  2.71750000   6.15000000 572.70000000 
  2.72750000   6.10500000 572.80000000 
  2.73750000   5.91200000 572.80000000 
  2.74750000   5.72200000 572.90000000 
  2.75750000   5.53700000 572.90000000 
  2.76750000   5.35600000 573.00000000 
  2.77750000   5.17900000 573.00000000 
  2.78750000   5.00500000 573.10000000 
  2.79750000   4.89700000 573.10000000 
  2.80750000   4.82200000 573.20000000 
  2.81750000   4.74600000 573.20000000 
  2.82750000   4.67000000 573.30000000 
  2.83750000   4.59400000 573.30000000 
  2.84750000   4.51700000 573.40000000 
  2.85750000   4.44200000 573.40000000 
  2.86750000   4.37100000 573.50000000 
  2.87750000   4.30600000 573.50000000 
  2.88750000   4.24400000 573.50000000 
  2.89750000   4.18800000 573.60000000 
  2.90750000   4.13600000 573.60000000 
  2.91750000   4.08800000 573.70000000 
  2.92750000   3.94000000 573.70000000 
  2.93750000   3.75100000 573.70000000 
  2.94750000   3.56300000 573.80000000 
  2.95750000   3.37600000 573.80000000 
  2.96750000   3.19100000 573.90000000 
  2.97750000   3.00700000 573.90000000 
  2.98750000   2.82400000 573.90000000 
  2.99750000   2.64200000 573.90000000 
  3.00750000   2.46200000 574.00000000 
  3.01750000   2.28300000 574.00000000 
  3.02750000   2.10500000 574.00000000 
  3.03750000   1.92900000 574.00000000 
  3.04750000   1.75400000 574.10000000 
  3.05750000   1.58000000 574.10000000 
  3.06750000   1.53700000 574.10000000 
  3.07750000   1.54900000 574.10000000 
  3.08750000   1.58500000 574.10000000 
  3.09750000   1.64500000 574.10000000 
  3.10750000   1.73000000 574.10000000 
  3.11750000   1.84000000 574.20000000 
  3.12750000   1.97300000 574.20000000 
  3.13750000   2.11600000 574.20000000 
  3.14750000   2.26500000 574.20000000 
  3.15750000   2.41800000 574.30000000 
  3.16750000   2.78100000 574.30000000 
  3.17750000   3.82800000 574.30000000 
  3.18750000   4.92400000 574.40000000 
  3.19750000   6.06900000 574.40000000 
  3.20750000   7.26100000 574.50000000 
  3.21750000   8.50200000 574.60000000 
  3.22750000   9.85800000 574.60000000 
  3.23750000  11.79000000 574.80000000 
  3.24750000  13.98000000 574.90000000 
  3.25750000  16.42000000 575.00000000 
  3.26750000  21.12000000 575.20000000 
  3.27750000  17.80000000 575.40000000 
  3.28750000  13.28000000 575.60000000 
  3.29750000   9.00800000 575.70000000 
  3.30750000   8.59300000 575.80000000 
  3.31750000   8.70100000 575.90000000 
  3.32750000   8.79800000 575.90000000 
  3.33750000   8.88400000 576.00000000 
  3.34750000   8.95700000 576.10000000 
  3.35750000   8.81900000 576.20000000 
  3.36750000   8.62900000 576.30000000 
  3.37750000   8.42200000 576.40000000 
  3.38750000   8.19800000 576.50000000 
  3.39750000   7.95700000 576.60000000 
  3.40750000   7.69900000 576.60000000 
  3.41750000   7.42500000 576.70000000 
  3.42750000   7.13300000 576.80000000 
  3.43750000   6.82500000 576.80000000 
  3.44750000   6.55600000 576.90000000 
  3.45750000   6.60800000 577.00000000 
  3.46750000   6.65900000 577.00000000 
  3.47750000   6.61500000 577.10000000 
  3.48750000   6.55900000 577.20000000 
  3.49750000   6.49100000 577.20000000 
  3.50750000   6.41200000 577.30000000 
  3.51750000   6.32000000 577.40000000 
  3.52750000   6.21700000 577.40000000 
  3.53750000   6.10300000 577.50000000 
  3.54750000   5.97600000 577.60000000 
  3.55750000   5.83800000 577.60000000 
  3.56750000   5.68700000 577.70000000 
  3.57750000   5.52500000 577.70000000 
  3.58750000   5.35200000 577.80000000 
  3.59750000   5.16600000 577.80000000 
  3.60750000   4.96900000 577.90000000 
  3.61750000   5.34500000 577.90000000 
  3.62750000   6.14700000 578.00000000 
  3.63750000   7.32100000 578.10000000 
  3.64750000   9.56700000 578.10000000 
  3.65750000  12.87000000 578.30000000 
  3.66750000  16.69000000 578.40000000 
  3.67750000  26.31000000 578.60000000 
  3.68750000  17.29000000 578.80000000 
  3.69750000   8.90700000 579.00000000 
  3.70750000   8.94300000 579.00000000 
  3.71750000   8.97800000 579.10000000 
  3.72750000   9.01300000 579.20000000 
  3.73750000   9.04700000 579.30000000 
  3.74750000   9.08000000 579.40000000 
  3.75750000   9.11200000 579.50000000 
  3.76750000   9.14400000 579.60000000 
  3.77750000   9.17600000 579.70000000 
  3.78750000   9.08900000 579.80000000 
  3.79750000   8.15700000 579.90000000 
  3.80750000   6.25400000 579.90000000 
  3.81750000   5.93500000 580.00000000 
  3.82750000   8.46700000 580.10000000 
  3.83750000  15.09000000 580.20000000 
  3.84750000  22.00000000 580.40000000 
  3.85750000  28.20000000 580.60000000 
  3.86750000  29.80000000 580.90000000 
  3.87750000  29.19000000 581.20000000 
  3.88750000  24.83000000 581.50000000 
  3.89750000  19.74000000 581.70000000 
  3.90750000  14.53000000 581.90000000 
  3.91750000   6.40300000 582.00000000 
  3.92750000   0.00000000 582.00000000 
  3.93750000   0.25680000 582.00000000 
  3.94750000   5.11100000 582.00000000 
  3.95750000  10.21000000 582.10000000 
  3.96750000  13.77000000 582.20000000 
  3.97750000  14.91000000 582.40000000 
  3.98750000  16.08000000 582.50000000 
  3.99750000  17.27000000 582.70000000 
  4.00750000  18.50000000 582.90000000 
  4.01750000  19.76000000 583.10000000 
  4.02750000  20.32000000 583.30000000 
  4.03750000  12.98000000 583.40000000 
  4.04750000  10.36000000 583.50000000 
  4.05750000  10.29000000 583.60000000 
  4.06750000  10.51000000 583.80000000 
  4.07750000  10.80000000 583.90000000 
  4.08750000  11.14000000 584.00000000 
  4.09750000  11.54000000 584.10000000 
  4.10750000  12.51000000 584.20000000 
  4.11750000  13.68000000 584.30000000 
  4.12750000  14.98000000 584.50000000 
  4.13750000  16.42000000 584.60000000 
  4.14750000   8.62800000 584.80000000 
  4.15750000   8.22900000 584.90000000 
  4.16750000   8.54000000 585.00000000 
  4.17750000   8.92700000 585.00000000 
  4.18750000   9.38900000 585.10000000 
  4.19750000   9.92600000 585.20000000 
  4.20750000  10.54000000 585.30000000 
  4.21750000  11.23000000 585.40000000 
  4.22750000  11.56000000 585.60000000 
  4.23750000  11.74000000 585.70000000 
  4.24750000  11.94000000 585.80000000 
  4.25750000  12.17000000 585.90000000 
  4.26750000  12.43000000 586.00000000 
  4.27750000  12.72000000 586.20000000 
  4.28750000  13.03000000 586.30000000 
  4.29750000  13.38000000 586.40000000 
  4.30750000  13.75000000 586.60000000 
  4.31750000  14.17000000 586.70000000 
  4.32750000  14.72000000 586.80000000 
  4.33750000  15.15000000 587.00000000 
  4.34750000  13.17000000 587.10000000 
  4.35750000  10.70000000 587.20000000 
  4.36750000   9.44800000 587.30000000 
  4.37750000   9.68700000 587.40000000 
  4.38750000   9.97400000 587.50000000 
  4.39750000  10.31000000 587.60000000 
  4.40750000  10.69000000 587.70000000 
  4.41750000  11.12000000 587.90000000 
  4.42750000  11.27000000 588.00000000 
  4.43750000  11.46000000 588.10000000 
  4.44750000  11.67000000 588.20000000 
  4.45750000  11.91000000 588.30000000 
  4.46750000  12.52000000 588.40000000 
  4.47750000  13.95000000 588.60000000 
  4.48750000  15.74000000 588.70000000 
  4.49750000  17.86000000 588.90000000 
  4.50750000  20.36000000 589.10000000 
  4.51750000  26.63000000 589.30000000 
  4.52750000  19.51000000 589.50000000 
  4.53750000  19.39000000 589.70000000 
  4.54750000  18.17000000 589.90000000 
  4.55750000  19.81000000 590.10000000 
  4.56750000  21.99000000 590.30000000 
  4.57750000  24.22000000 590.50000000 
  4.58750000  25.89000000 590.80000000 
  4.59750000  25.87000000 591.10000000 
  4.60750000  24.94000000 591.30000000 
  4.61750000  23.96000000 591.60000000 
  4.62750000  23.06000000 591.80000000 
  4.63750000  22.26000000 592.00000000 
  4.64750000  21.46000000 592.20000000 
  4.65750000  25.46000000 592.50000000 
  4.66750000  25.75000000 592.70000000 
  4.67750000  25.61000000 593.00000000 
  4.68750000  25.40000000 593.20000000 
  4.69750000  25.12000000 593.50000000 
  4.70750000  25.53000000 593.70000000 
  4.71750000  26.58000000 594.00000000 
  4.72750000  27.87000000 594.30000000 
  4.73750000  28.92000000 594.50000000 
  4.74750000  30.36000000 594.80000000 
  4.75750000  32.15000000 595.20000000 
  4.76750000  33.42000000 595.50000000 
  4.77750000  34.16000000 595.80000000 
  4.78750000  34.28000000 596.20000000 
  4.79750000  32.07000000 596.50000000 
  4.80750000  29.66000000 596.80000000 
  4.81750000  27.42000000 597.10000000 
  4.82750000  26.61000000 597.40000000 
  4.83750000  26.07000000 597.60000000 
  4.84750000  25.76000000 597.90000000 
  4.85750000  24.96000000 598.10000000 
  4.86750000  28.96000000 598.40000000 
  4.87750000  29.51000000 598.70000000 
  4.88750000  29.98000000 599.00000000 
  4.89750000  30.62000000 599.30000000 
  4.90750000  31.63000000 599.60000000 
  4.91750000  32.81000000 599.90000000 
  4.92750000  33.88000000 600.20000000 
  4.93750000  37.17000000 600.60000000 
  4.94750000  41.05000000 601.00000000 
  4.95750000  32.98000000 601.40000000 
