

















1.03275 -4.99691 0 0.0555556 0.0555556
1.0935 -4.99603 0 0 0
1.22144 -4.98036 0.0555556 0.0555556 0.0555556
1.34937 -4.97755 0.111111 0.111111 0.111111
3.0504 -4.97585 0.5 0.166667 0.166667
3.18465 -4.72226 0.5 0.111111 0.111111
3.31889 -4.56952 0.5 0.0555556 0.0555556
3.45314 -4.55902 0.5 0 0
3.58108 -4.56915 0.5 0.0555556 0
3.70901 -4.66253 0.5 0.111111 0
3.83695 -4.92668 0.5 0.166667 0

0.911251 -4.98205 0 0.166667 0.166667
0.972001 -4.80039 0 0.111111 0.111111
1.03275 -4.77495 0 0.0555556 0.0555556
1.0935 -4.77867 0 0 0
1.22144 -4.7629 0.0555556 0.0555556 0.0555556
1.34937 -4.742 0.111111 0.111111 0.111111
1.47731 -4.82628 0.166667 0.166667 0.166667
3.0504 -4.8632 0.5 0.166667 0.166667
3.18465 -4.64906 0.5 0.111111 0.111111
3.31889 -4.56692 0.5 0.0555556 0.0555556
3.45314 -4.55902 0.5 0 0
3.58108 -4.56915 0.5 0.0555556 0
3.70901 -4.66253 0.5 0.111111 0
3.83695 -4.92668 0.5 0.166667 0

0.850501 -4.88328 0 0.222222 0.222222
0.911251 -4.56749 0 0.166667 0.166667
0.972001 -4.37216 0 0.111111 0.111111
1.03275 -4.31134 0 0.0555556 0.0555556
1.0935 -4.28627 0 0 0
1.22144 -4.30071 0.0555556 0.0555556 0.0555556
1.34937 -4.34418 0.111111 0.111111 0.111111
1.47731 -4.65614 0.166667 0.166667 0.166667
1.60525 -4.93429 0.222222 0.222222 0.222222
2.91616 -4.78641 0.5 0.222222 0.222222
3.0504 -4.5121 0.5 0.166667 0.166667
3.18465 -4.40244 0.5 0.111111 0.111111
3.31889 -4.33448 0.5 0.0555556 0.0555556
3.45314 -4.17962 0.5 0 0
3.58108 -4.23658 0.5 0.0555556 0
3.70901 -4.34991 0.5 0.111111 0
3.83695 -4.41788 0.5 0.166667 0
3.96488 -4.52347 0.5 0.222222 0

0.850501 -4.79291 0 0.222222 0.222222
0.911251 -4.50467 0 0.166667 0.166667
0.972001 -4.25033 0 0.111111 0.111111
1.03275 -4.01123 0 0.0555556 0.0555556
1.0935 -3.92232 0 0 0
1.22144 -4.00764 0.0555556 0.0555556 0.0555556
1.34937 -4.23712 0.111111 0.111111 0.111111
1.47731 -4.51694 0.166667 0.166667 0.166667
1.60525 -4.71162 0.222222 0.222222 0.222222
2.91616 -4.78438 0.5 0.222222 0.222222
3.0504 -4.39311 0.5 0.166667 0.166667
3.18465 -4.24142 0.5 0.111111 0.111111
3.31889 -4.14893 0.5 0.0555556 0.0555556
3.45314 -4.17962 0.5 0 0
3.58108 -4.23658 0.5 0.0555556 0
3.70901 -4.34991 0.5 0.111111 0
3.83695 -4.41788 0.5 0.166667 0
3.96488 -4.52347 0.5 0.222222 0

0 -4.78711 0 0.5 0
0.0607501 -4.81718 0 0.5 0.0555556
0.1215 -4.89224 0 0.5 0.111111
0.18225 -4.98589 0 0.5 0.166667
0.789751 -4.9522 0 0.277778 0.277778
0.850501 -4.68074 0 0.222222 0.222222
0.911251 -4.46428 0 0.166667 0.166667
0.972001 -4.07671 0 0.111111 0.111111
1.03275 -3.72918 0 0.0555556 0.0555556
1.0935 -3.62086 0 0 0
1.22144 -3.773 0.0555556 0.0555556 0.0555556
1.34937 -4.20794 0.111111 0.111111 0.111111
1.47731 -4.41934 0.166667 0.166667 0.166667
1.60525 -4.64844 0.222222 0.222222 0.222222
1.73318 -4.89579 0.277778 0.277778 0.277778
2.78191 -4.87473 0.5 0.277778 0.277778
2.91616 -4.59952 0.5 0.222222 0.222222
3.0504 -4.34777 0.5 0.166667 0.166667
3.18465 -4.16588 0.5 0.111111 0.111111
3.31889 -3.89763 0.5 0.0555556 0.0555556
3.45314 -3.79798 0.5 0 0
3.58108 -3.88648 0.5 0.0555556 0
3.70901 -4.06864 0.5 0.111111 0
3.83695 -4.19336 0.5 0.166667 0
3.96488 -4.44468 0.5 0.222222 0
4.09282 -4.49906 0.5 0.277778 0
4.22076 -4.52305 0.5 0.333333 0
4.34869 -4.74497 0.5 0.388889 0
4.47663 -4.89585 0.5 0.444444 0
4.60456 -4.94855 0.5 0.5 0

0 -4.78711 0 0.5 0
0.0607501 -4.81718 0 0.5 0.0555556
0.1215 -4.89224 0 0.5 0.111111
0.18225 -4.98589 0 0.5 0.166667
0.729001 -4.98779 0 0.333333 0.333333
0.789751 -4.80644 0 0.277778 0.277778
0.850501 -4.31234 0 0.222222 0.222222
0.911251 -4.116 0 0.166667 0.166667
0.972001 -3.93965 0 0.111111 0.111111
1.03275 -3.61458 0 0.0555556 0.0555556
1.0935 -3.49729 0 0 0
1.22144 -3.67269 0.0555556 0.0555556 0.0555556
1.34937 -3.97015 0.111111 0.111111 0.111111
1.47731 -4.11151 0.166667 0.166667 0.166667
1.60525 -4.46174 0.222222 0.222222 0.222222
1.73318 -4.8158 0.277778 0.277778 0.277778
1.86112 -4.92455 0.333333 0.333333 0.333333
2.64766 -4.91215 0.5 0.333333 0.333333
2.78191 -4.6579 0.5 0.277778 0.277778
2.91616 -4.44698 0.5 0.222222 0.222222
3.0504 -4.26268 0.5 0.166667 0.166667
3.18465 -4.06399 0.5 0.111111 0.111111
3.31889 -3.88653 0.5 0.0555556 0.0555556
3.45314 -3.79798 0.5 0 0
3.58108 -3.88648 0.5 0.0555556 0
3.70901 -4.06864 0.5 0.111111 0
3.83695 -4.19336 0.5 0.166667 0
3.96488 -4.44468 0.5 0.222222 0
4.09282 -4.49906 0.5 0.277778 0
4.22076 -4.52305 0.5 0.333333 0
4.34869 -4.74497 0.5 0.388889 0
4.47663 -4.89585 0.5 0.444444 0
4.60456 -4.94855 0.5 0.5 0

0 -4.43898 0 0.5 0
0.0607501 -4.46028 0 0.5 0.0555556
0.1215 -4.51205 0 0.5 0.111111
0.18225 -4.57733 0 0.5 0.166667
0.243 -4.64138 0 0.5 0.222222
0.30375 -4.68642 0 0.5 0.277778
0.3645 -4.69459 0 0.5 0.333333
0.42525 -4.66382 0 0.5 0.388889
0.486 -4.6205 0 0.5 0.444444
0.54675 -4.60119 0 0.5 0.5
0.607501 -4.73938 0 0.444444 0.444444
0.668251 -4.90273 0 0.388889 0.388889
0.729001 -4.73263 0 0.333333 0.333333
0.789751 -4.43759 0 0.277778 0.277778
0.850501 -4.22544 0 0.222222 0.222222
0.911251 -3.96973 0 0.166667 0.166667
0.972001 -3.74678 0 0.111111 0.111111
1.03275 -3.57058 0 0.0555556 0.0555556
1.0935 -3.40567 0 0 0
1.22144 -3.59406 0.0555556 0.0555556 0.0555556
1.34937 -3.78863 0.111111 0.111111 0.111111
1.47731 -4.03232 0.166667 0.166667 0.166667
1.60525 -4.22975 0.222222 0.222222 0.222222
1.73318 -4.46454 0.277778 0.277778 0.277778
1.86112 -4.69742 0.333333 0.333333 0.333333
1.98905 -4.78357 0.388889 0.388889 0.388889
2.11699 -4.75006 0.444444 0.444444 0.444444
2.24493 -4.63389 0.5 0.5 0.5
2.37917 -4.75584 0.5 0.444444 0.444444
2.51342 -4.80929 0.5 0.388889 0.388889
2.64766 -4.75456 0.5 0.333333 0.333333
2.78191 -4.52054 0.5 0.277778 0.277778
2.91616 -4.30191 0.5 0.222222 0.222222
3.0504 -4.08282 0.5 0.166667 0.166667
3.18465 -3.76718 0.5 0.111111 0.111111
3.31889 -3.71698 0.5 0.0555556 0.0555556
3.45314 -3.62179 0.5 0 0
3.58108 -3.66501 0.5 0.0555556 0
3.70901 -3.75295 0.5 0.111111 0
3.83695 -3.99604 0.5 0.166667 0
3.96488 -4.21454 0.5 0.222222 0
4.09282 -4.22816 0.5 0.277778 0
4.22076 -4.4666 0.5 0.333333 0
4.34869 -4.42903 0.5 0.388889 0
4.47663 -4.40049 0.5 0.444444 0
4.60456 -4.37376 0.5 0.5 0

0 -4.43898 0 0.5 0
0.0607501 -4.46028 0 0.5 0.0555556
0.1215 -4.51205 0 0.5 0.111111
0.18225 -4.57733 0 0.5 0.166667
0.243 -4.64138 0 0.5 0.222222
0.30375 -4.68642 0 0.5 0.277778
0.3645 -4.69459 0 0.5 0.333333
0.42525 -4.66382 0 0.5 0.388889
0.486 -4.6205 0 0.5 0.444444
0.54675 -4.60119 0 0.5 0.5
0.607501 -4.62713 0 0.444444 0.444444
0.668251 -4.7927 0 0.388889 0.388889
0.729001 -4.73069 0 0.333333 0.333333
0.789751 -4.42628 0 0.277778 0.277778
0.850501 -4.10462 0 0.222222 0.222222
0.911251 -3.74125 0 0.166667 0.166667
0.972001 -3.56247 0 0.111111 0.111111
1.03275 -3.39512 0 0.0555556 0.0555556
1.0935 -3.39924 0 0 0
1.22144 -3.36813 0.0555556 0.0555556 0.0555556
1.34937 -3.45854 0.111111 0.111111 0.111111
1.47731 -3.7454 0.166667 0.166667 0.166667
1.60525 -4.20192 0.222222 0.222222 0.222222
1.73318 -4.43079 0.277778 0.277778 0.277778
1.86112 -4.63019 0.333333 0.333333 0.333333
1.98905 -4.72566 0.388889 0.388889 0.388889
2.11699 -4.68165 0.444444 0.444444 0.444444
2.24493 -4.63389 0.5 0.5 0.5
2.37917 -4.69183 0.5 0.444444 0.444444
2.51342 -4.76916 0.5 0.388889 0.388889
2.64766 -4.61281 0.5 0.333333 0.333333
2.78191 -4.3675 0.5 0.277778 0.277778
2.91616 -4.17176 0.5 0.222222 0.222222
3.0504 -3.85926 0.5 0.166667 0.166667
3.18465 -3.62388 0.5 0.111111 0.111111
3.31889 -3.57986 0.5 0.0555556 0.0555556
3.45314 -3.62179 0.5 0 0
3.58108 -3.66501 0.5 0.0555556 0
3.70901 -3.75295 0.5 0.111111 0
3.83695 -3.99604 0.5 0.166667 0
3.96488 -4.21454 0.5 0.222222 0
4.09282 -4.22816 0.5 0.277778 0
4.22076 -4.4666 0.5 0.333333 0
4.34869 -4.42903 0.5 0.388889 0
4.47663 -4.40049 0.5 0.444444 0
4.60456 -4.37376 0.5 0.5 0

0 -4.30145 0 0.5 0
0.0607501 -4.30201 0 0.5 0.0555556
0.1215 -4.30739 0 0.5 0.111111
0.18225 -4.32005 0 0.5 0.166667
0.243 -4.33528 0 0.5 0.222222
0.30375 -4.34576 0 0.5 0.277778
0.3645 -4.34412 0 0.5 0.333333
0.42525 -4.32172 0 0.5 0.388889
0.486 -4.27018 0 0.5 0.444444
0.54675 -4.22238 0 0.5 0.5
0.607501 -4.3216 0 0.444444 0.444444
0.668251 -4.29325 0 0.388889 0.388889
0.729001 -4.16224 0 0.333333 0.333333
0.789751 -4.01586 0 0.277778 0.277778
0.850501 -3.82041 0 0.222222 0.222222
0.911251 -3.69085 0 0.166667 0.166667
0.972001 -3.42378 0 0.111111 0.111111
1.03275 -3.32238 0 0.0555556 0.0555556
1.0935 -3.25809 0 0 0
1.22144 -3.25466 0.0555556 0.0555556 0.0555556
1.34937 -3.39064 0.111111 0.111111 0.111111
1.47731 -3.63094 0.166667 0.166667 0.166667
1.60525 -3.8739 0.222222 0.222222 0.222222
1.73318 -4.11309 0.277778 0.277778 0.277778
1.86112 -4.29589 0.333333 0.333333 0.333333
1.98905 -4.2705 0.388889 0.388889 0.388889
2.11699 -4.37246 0.444444 0.444444 0.444444
2.24493 -4.45763 0.5 0.5 0.5
2.37917 -4.38799 0.5 0.444444 0.444444
2.51342 -4.26112 0.5 0.388889 0.388889
2.64766 -4.32595 0.5 0.333333 0.333333
2.78191 -4.24188 0.5 0.277778 0.277778
2.91616 -3.92708 0.5 0.222222 0.222222
3.0504 -3.64818 0.5 0.166667 0.166667
3.18465 -3.46521 0.5 0.111111 0.111111
3.31889 -3.15918 0.5 0.0555556 0.0555556
3.45314 -2.987 0.5 0 0
3.58108 -3.02354 0.5 0.0555556 0
3.70901 -3.22829 0.5 0.111111 0
3.83695 -3.55837 0.5 0.166667 0
3.96488 -3.89637 0.5 0.222222 0
4.09282 -4.20177 0.5 0.277778 0
4.22076 -4.22316 0.5 0.333333 0
4.34869 -4.24296 0.5 0.388889 0
4.47663 -4.19369 0.5 0.444444 0
4.60456 -4.18031 0.5 0.5 0

0 -4.30145 0 0.5 0
0.0607501 -4.30201 0 0.5 0.0555556
0.1215 -4.30739 0 0.5 0.111111
0.18225 -4.32005 0 0.5 0.166667
0.243 -4.33528 0 0.5 0.222222
0.30375 -4.34576 0 0.5 0.277778
0.3645 -4.34412 0 0.5 0.333333
0.42525 -4.32172 0 0.5 0.388889
0.486 -4.27018 0 0.5 0.444444
0.54675 -4.22238 0 0.5 0.5
0.607501 -4.24349 0 0.444444 0.444444
0.668251 -4.18464 0 0.388889 0.388889
0.729001 -4.05318 0 0.333333 0.333333
0.789751 -3.8865 0 0.277778 0.277778
0.850501 -3.80414 0 0.222222 0.222222
0.911251 -3.52292 0 0.166667 0.166667
0.972001 -3.28875 0 0.111111 0.111111
1.03275 -3.20832 0 0.0555556 0.0555556
1.0935 -3.11302 0 0 0
1.22144 -3.17768 0.0555556 0.0555556 0.0555556
1.34937 -3.29981 0.111111 0.111111 0.111111
1.47731 -3.53152 0.166667 0.166667 0.166667
1.60525 -3.76185 0.222222 0.222222 0.222222
1.73318 -4.07147 0.277778 0.277778 0.277778
1.86112 -4.22319 0.333333 0.333333 0.333333
1.98905 -4.24065 0.388889 0.388889 0.388889
2.11699 -4.31675 0.444444 0.444444 0.444444
2.24493 -4.45763 0.5 0.5 0.5
2.37917 -4.33579 0.5 0.444444 0.444444
2.51342 -4.24557 0.5 0.388889 0.388889
2.64766 -4.19743 0.5 0.333333 0.333333
2.78191 -4.13284 0.5 0.277778 0.277778
2.91616 -3.86029 0.5 0.222222 0.222222
3.0504 -3.59971 0.5 0.166667 0.166667
3.18465 -3.23059 0.5 0.111111 0.111111
3.31889 -2.99971 0.5 0.0555556 0.0555556
3.45314 -2.987 0.5 0 0
3.58108 -3.02354 0.5 0.0555556 0
3.70901 -3.22829 0.5 0.111111 0
3.83695 -3.55837 0.5 0.166667 0
3.96488 -3.89637 0.5 0.222222 0
4.09282 -4.20177 0.5 0.277778 0
4.22076 -4.22316 0.5 0.333333 0
4.34869 -4.24296 0.5 0.388889 0
4.47663 -4.19369 0.5 0.444444 0
4.60456 -4.18031 0.5 0.5 0

0 -4.20587 0 0.5 0
0.0607501 -4.18173 0 0.5 0.0555556
0.1215 -4.12649 0 0.5 0.111111
0.18225 -4.06252 0 0.5 0.166667
0.243 -4.00168 0 0.5 0.222222
0.30375 -3.95213 0 0.5 0.277778
0.3645 -3.9243 0 0.5 0.333333
0.42525 -3.9354 0 0.5 0.388889
0.486 -4.00016 0 0.5 0.444444
0.54675 -4.06012 0 0.5 0.5
0.607501 -4.07028 0 0.444444 0.444444
0.668251 -3.96418 0 0.388889 0.388889
0.729001 -3.83944 0 0.333333 0.333333
0.789751 -3.78427 0 0.277778 0.277778
0.850501 -3.75357 0 0.222222 0.222222
0.911251 -3.48509 0 0.166667 0.166667
0.972001 -3.23946 0 0.111111 0.111111
1.03275 -3.09146 0 0.0555556 0.0555556
1.0935 -3.05459 0 0 0
1.22144 -3.10914 0.0555556 0.0555556 0.0555556
1.34937 -3.22059 0.111111 0.111111 0.111111
1.47731 -3.5288 0.166667 0.166667 0.166667
1.60525 -3.72411 0.222222 0.222222 0.222222
1.73318 -3.87309 0.277778 0.277778 0.277778
1.86112 -3.97843 0.333333 0.333333 0.333333
1.98905 -4.05145 0.388889 0.388889 0.388889
2.11699 -3.90671 0.444444 0.444444 0.444444
2.24493 -3.66847 0.5 0.5 0.5
2.37917 -3.87808 0.5 0.444444 0.444444
2.51342 -4.07904 0.5 0.388889 0.388889
2.64766 -4.04679 0.5 0.333333 0.333333
2.78191 -3.95215 0.5 0.277778 0.277778
2.91616 -3.81196 0.5 0.222222 0.222222
3.0504 -3.49662 0.5 0.166667 0.166667
3.18465 -3.22221 0.5 0.111111 0.111111
3.31889 -2.97957 0.5 0.0555556 0.0555556
3.45314 -2.97548 0.5 0 0
3.58108 -2.98338 0.5 0.0555556 0
3.70901 -3.15403 0.5 0.111111 0
3.83695 -3.46832 0.5 0.166667 0
3.96488 -3.58625 0.5 0.222222 0
4.09282 -3.66079 0.5 0.277778 0
4.22076 -3.76653 0.5 0.333333 0
4.34869 -3.83144 0.5 0.388889 0
4.47663 -3.92016 0.5 0.444444 0
4.60456 -3.96009 0.5 0.5 0

0 -4.20587 0 0.5 0
0.0607501 -4.18173 0 0.5 0.0555556
0.1215 -4.12649 0 0.5 0.111111
0.18225 -4.06252 0 0.5 0.166667
0.243 -4.00168 0 0.5 0.222222
0.30375 -3.95213 0 0.5 0.277778
0.3645 -3.9243 0 0.5 0.333333
0.42525 -3.9354 0 0.5 0.388889
0.486 -4.00016 0 0.5 0.444444
0.54675 -4.06012 0 0.5 0.5
0.607501 -3.84551 0 0.444444 0.444444
0.668251 -3.87075 0 0.388889 0.388889
0.729001 -3.83657 0 0.333333 0.333333
0.789751 -3.75488 0 0.277778 0.277778
0.850501 -3.60964 0 0.222222 0.222222
0.911251 -3.43706 0 0.166667 0.166667
0.972001 -3.14768 0 0.111111 0.111111
1.03275 -2.95011 0 0.0555556 0.0555556
1.0935 -2.92195 0 0 0
1.22144 -2.95068 0.0555556 0.0555556 0.0555556
1.34937 -3.13786 0.111111 0.111111 0.111111
1.47731 -3.49123 0.166667 0.166667 0.166667
1.60525 -3.59235 0.222222 0.222222 0.222222
1.73318 -3.54524 0.277778 0.277778 0.277778
1.86112 -3.80217 0.333333 0.333333 0.333333
1.98905 -3.9427 0.388889 0.388889 0.388889
2.11699 -3.76033 0.444444 0.444444 0.444444
2.24493 -3.66847 0.5 0.5 0.5
2.37917 -3.69623 0.5 0.444444 0.444444
2.51342 -3.82764 0.5 0.388889 0.388889
2.64766 -3.74726 0.5 0.333333 0.333333
2.78191 -3.50273 0.5 0.277778 0.277778
2.91616 -3.38517 0.5 0.222222 0.222222
3.0504 -3.36262 0.5 0.166667 0.166667
3.18465 -3.10077 0.5 0.111111 0.111111
3.31889 -2.95511 0.5 0.0555556 0.0555556
3.45314 -2.97548 0.5 0 0
3.58108 -2.98338 0.5 0.0555556 0
3.70901 -3.15403 0.5 0.111111 0
3.83695 -3.46832 0.5 0.166667 0
3.96488 -3.58625 0.5 0.222222 0
4.09282 -3.66079 0.5 0.277778 0
4.22076 -3.76653 0.5 0.333333 0
4.34869 -3.83144 0.5 0.388889 0
4.47663 -3.92016 0.5 0.444444 0
4.60456 -3.96009 0.5 0.5 0

0 -3.69127 0 0.5 0
0.0607501 -3.67924 0 0.5 0.0555556
0.1215 -3.64612 0 0.5 0.111111
0.18225 -3.60242 0 0.5 0.166667
0.243 -3.56489 0 0.5 0.222222
0.30375 -3.55286 0 0.5 0.277778
0.3645 -3.58299 0 0.5 0.333333
0.42525 -3.64832 0 0.5 0.388889
0.486 -3.70347 0 0.5 0.444444
0.54675 -3.72122 0 0.5 0.5
0.607501 -3.79349 0 0.444444 0.444444
0.668251 -3.55378 0 0.388889 0.388889
0.729001 -3.63785 0 0.333333 0.333333
0.789751 -3.61757 0 0.277778 0.277778
0.850501 -3.43322 0 0.222222 0.222222
0.911251 -3.24791 0 0.166667 0.166667
0.972001 -3.08418 0 0.111111 0.111111
1.03275 -2.94213 0 0.0555556 0.0555556
1.0935 -2.8612 0 0 0
1.22144 -2.94957 0.0555556 0.0555556 0.0555556
1.34937 -3.10302 0.111111 0.111111 0.111111
1.47731 -3.1578 0.166667 0.166667 0.166667
1.60525 -3.32387 0.222222 0.222222 0.222222
1.73318 -3.39239 0.277778 0.277778 0.277778
1.86112 -3.43917 0.333333 0.333333 0.333333
1.98905 -3.57303 0.388889 0.388889 0.388889
2.11699 -3.64587 0.444444 0.444444 0.444444
2.24493 -3.56314 0.5 0.5 0.5
2.37917 -3.67127 0.5 0.444444 0.444444
2.51342 -3.64041 0.5 0.388889 0.388889
2.64766 -3.51849 0.5 0.333333 0.333333
2.78191 -3.39823 0.5 0.277778 0.277778
2.91616 -3.37896 0.5 0.222222 0.222222
3.0504 -3.32126 0.5 0.166667 0.166667
3.18465 -3.04934 0.5 0.111111 0.111111
3.31889 -2.80789 0.5 0.0555556 0.0555556
3.45314 -2.82499 0.5 0 0
3.58108 -2.78145 0.5 0.0555556 0
3.70901 -2.95081 0.5 0.111111 0
3.83695 -3.0057 0.5 0.166667 0
3.96488 -3.10623 0.5 0.222222 0
4.09282 -3.23954 0.5 0.277778 0
4.22076 -3.46788 0.5 0.333333 0
4.34869 -3.70786 0.5 0.388889 0
4.47663 -3.85885 0.5 0.444444 0
4.60456 -3.91014 0.5 0.5 0

0 -3.69127 0 0.5 0
0.0607501 -3.67924 0 0.5 0.0555556
0.1215 -3.64612 0 0.5 0.111111
0.18225 -3.60242 0 0.5 0.166667
0.243 -3.56489 0 0.5 0.222222
0.30375 -3.55286 0 0.5 0.277778
0.3645 -3.58299 0 0.5 0.333333
0.42525 -3.64832 0 0.5 0.388889
0.486 -3.70347 0 0.5 0.444444
0.54675 -3.72122 0 0.5 0.5
0.607501 -3.54902 0 0.444444 0.444444
0.668251 -3.5492 0 0.388889 0.388889
0.729001 -3.42822 0 0.333333 0.333333
0.789751 -3.32376 0 0.277778 0.277778
0.850501 -3.08804 0 0.222222 0.222222
0.911251 -2.9119 0 0.166667 0.166667
0.972001 -2.90107 0 0.111111 0.111111
1.03275 -2.89639 0 0.0555556 0.0555556
1.0935 -2.83873 0 0 0
1.22144 -2.86104 0.0555556 0.0555556 0.0555556
1.34937 -2.88315 0.111111 0.111111 0.111111
1.47731 -3.05831 0.166667 0.166667 0.166667
1.60525 -3.20062 0.222222 0.222222 0.222222
1.73318 -3.25472 0.277778 0.277778 0.277778
1.86112 -3.30114 0.333333 0.333333 0.333333
1.98905 -3.38921 0.388889 0.388889 0.388889
2.11699 -3.46234 0.444444 0.444444 0.444444
2.24493 -3.56314 0.5 0.5 0.5
2.37917 -3.50004 0.5 0.444444 0.444444
2.51342 -3.47494 0.5 0.388889 0.388889
2.64766 -3.43124 0.5 0.333333 0.333333
2.78191 -3.30203 0.5 0.277778 0.277778
2.91616 -3.23617 0.5 0.222222 0.222222
3.0504 -3.05481 0.5 0.166667 0.166667
3.18465 -2.95571 0.5 0.111111 0.111111
3.31889 -2.75418 0.5 0.0555556 0.0555556
3.45314 -2.82499 0.5 0 0
3.58108 -2.78145 0.5 0.0555556 0
3.70901 -2.95081 0.5 0.111111 0
3.83695 -3.0057 0.5 0.166667 0
3.96488 -3.10623 0.5 0.222222 0
4.09282 -3.23954 0.5 0.277778 0
4.22076 -3.46788 0.5 0.333333 0
4.34869 -3.70786 0.5 0.388889 0
4.47663 -3.85885 0.5 0.444444 0
4.60456 -3.91014 0.5 0.5 0

0 -3.18817 0 0.5 0
0.0607501 -3.17382 0 0.5 0.0555556
0.1215 -3.13473 0 0.5 0.111111
0.18225 -3.08268 0 0.5 0.166667
0.243 -3.03992 0 0.5 0.222222
0.30375 -3.03873 0 0.5 0.277778
0.3645 -3.08116 0 0.5 0.333333
0.42525 -3.1245 0 0.5 0.388889
0.486 -3.14796 0 0.5 0.444444
0.54675 -3.15473 0 0.5 0.5
0.607501 -3.18834 0 0.444444 0.444444
0.668251 -3.22609 0 0.388889 0.388889
0.729001 -3.16193 0 0.333333 0.333333
0.789751 -3.06111 0 0.277778 0.277778
0.850501 -2.97113 0 0.222222 0.222222
0.911251 -2.85581 0 0.166667 0.166667
0.972001 -2.65507 0 0.111111 0.111111
1.03275 -2.60334 0 0.0555556 0.0555556
1.0935 -2.613 0 0 0
1.22144 -2.62746 0.0555556 0.0555556 0.0555556
1.34937 -2.67045 0.111111 0.111111 0.111111
1.47731 -2.77451 0.166667 0.166667 0.166667
1.60525 -2.92092 0.222222 0.222222 0.222222
1.73318 -3.17678 0.277778 0.277778 0.277778
1.86112 -3.11658 0.333333 0.333333 0.333333
1.98905 -3.23614 0.388889 0.388889 0.388889
2.11699 -3.33508 0.444444 0.444444 0.444444
2.24493 -3.36 0.5 0.5 0.5
2.37917 -3.29213 0.5 0.444444 0.444444
2.51342 -3.14223 0.5 0.388889 0.388889
2.64766 -3.01897 0.5 0.333333 0.333333
2.78191 -3.13905 0.5 0.277778 0.277778
2.91616 -2.94483 0.5 0.222222 0.222222
3.0504 -2.74049 0.5 0.166667 0.166667
3.18465 -2.71729 0.5 0.111111 0.111111
3.31889 -2.7114 0.5 0.0555556 0.0555556
3.45314 -2.47242 0.5 0 0
3.58108 -2.65582 0.5 0.0555556 0
3.70901 -2.61208 0.5 0.111111 0
3.83695 -2.6584 0.5 0.166667 0
3.96488 -2.87351 0.5 0.222222 0
4.09282 -3.15747 0.5 0.277778 0
4.22076 -3.16537 0.5 0.333333 0
4.34869 -3.04061 0.5 0.388889 0
4.47663 -3.02537 0.5 0.444444 0
4.60456 -3.05608 0.5 0.5 0

0 -3.18817 0 0.5 0
0.0607501 -3.17382 0 0.5 0.0555556
0.1215 -3.13473 0 0.5 0.111111
0.18225 -3.08268 0 0.5 0.166667
0.243 -3.03992 0 0.5 0.222222
0.30375 -3.03873 0 0.5 0.277778
0.3645 -3.08116 0 0.5 0.333333
0.42525 -3.1245 0 0.5 0.388889
0.486 -3.14796 0 0.5 0.444444
0.54675 -3.15473 0 0.5 0.5
0.607501 -3.17577 0 0.444444 0.444444
0.668251 -3.08408 0 0.388889 0.388889
0.729001 -3.08591 0 0.333333 0.333333
0.789751 -3.01834 0 0.277778 0.277778
0.850501 -2.84091 0 0.222222 0.222222
0.911251 -2.6748 0 0.166667 0.166667
0.972001 -2.55227 0 0.111111 0.111111
1.03275 -2.44617 0 0.0555556 0.0555556
1.0935 -2.48569 0 0 0
1.22144 -2.4512 0.0555556 0.0555556 0.0555556
1.34937 -2.63214 0.111111 0.111111 0.111111
1.47731 -2.68357 0.166667 0.166667 0.166667
1.60525 -2.88259 0.222222 0.222222 0.222222
1.73318 -3.05224 0.277778 0.277778 0.277778
1.86112 -3.1073 0.333333 0.333333 0.333333
1.98905 -3.10106 0.388889 0.388889 0.388889
2.11699 -3.24525 0.444444 0.444444 0.444444
2.24493 -3.36 0.5 0.5 0.5
2.37917 -3.25796 0.5 0.444444 0.444444
2.51342 -3.09296 0.5 0.388889 0.388889
2.64766 -3.01037 0.5 0.333333 0.333333
2.78191 -2.93451 0.5 0.277778 0.277778
2.91616 -2.83717 0.5 0.222222 0.222222
3.0504 -2.72052 0.5 0.166667 0.166667
3.18465 -2.646 0.5 0.111111 0.111111
3.31889 -2.6462 0.5 0.0555556 0.0555556
3.45314 -2.47242 0.5 0 0
3.58108 -2.65582 0.5 0.0555556 0
3.70901 -2.61208 0.5 0.111111 0
3.83695 -2.6584 0.5 0.166667 0
3.96488 -2.87351 0.5 0.222222 0
4.09282 -3.15747 0.5 0.277778 0
4.22076 -3.16537 0.5 0.333333 0
4.34869 -3.04061 0.5 0.388889 0
4.47663 -3.02537 0.5 0.444444 0
4.60456 -3.05608 0.5 0.5 0

0 -2.6521 0 0.5 0
0.0607501 -2.66189 0 0.5 0.0555556
0.1215 -2.69026 0 0.5 0.111111
0.18225 -2.73602 0 0.5 0.166667
0.243 -2.79861 0 0.5 0.222222
0.30375 -2.87451 0 0.5 0.277778
0.3645 -2.9541 0 0.5 0.333333
0.42525 -3.02197 0 0.5 0.388889
0.486 -3.06545 0 0.5 0.444444
0.54675 -3.08006 0 0.5 0.5
0.607501 -3.10288 0 0.444444 0.444444
0.668251 -3.08308 0 0.388889 0.388889
0.729001 -3.05327 0 0.333333 0.333333
0.789751 -2.9572 0 0.277778 0.277778
0.850501 -2.82262 0 0.222222 0.222222
0.911251 -2.58651 0 0.166667 0.166667
0.972001 -2.41125 0 0.111111 0.111111
1.03275 -2.37034 0 0.0555556 0.0555556
1.0935 -2.44046 0 0 0
1.22144 -2.42421 0.0555556 0.0555556 0.0555556
1.34937 -2.42818 0.111111 0.111111 0.111111
1.47731 -2.61708 0.166667 0.166667 0.166667
1.60525 -2.85152 0.222222 0.222222 0.222222
1.73318 -2.96309 0.277778 0.277778 0.277778
1.86112 -3.05456 0.333333 0.333333 0.333333
1.98905 -3.06921 0.388889 0.388889 0.388889
2.11699 -3.16115 0.444444 0.444444 0.444444
2.24493 -3.2645 0.5 0.5 0.5
2.37917 -3.17253 0.5 0.444444 0.444444
2.51342 -3.05706 0.5 0.388889 0.388889
2.64766 -2.9794 0.5 0.333333 0.333333
2.78191 -2.8717 0.5 0.277778 0.277778
2.91616 -2.733 0.5 0.222222 0.222222
3.0504 -2.56852 0.5 0.166667 0.166667
3.18465 -2.46855 0.5 0.111111 0.111111
3.31889 -2.39357 0.5 0.0555556 0.0555556
3.45314 -2.29174 0.5 0 0
3.58108 -2.38835 0.5 0.0555556 0
3.70901 -2.46579 0.5 0.111111 0
3.83695 -2.50982 0.5 0.166667 0
3.96488 -2.76627 0.5 0.222222 0
4.09282 -2.82354 0.5 0.277778 0
4.22076 -2.87732 0.5 0.333333 0
4.34869 -2.94726 0.5 0.388889 0
4.47663 -2.87903 0.5 0.444444 0
4.60456 -2.79403 0.5 0.5 0

0 -2.6521 0 0.5 0
0.0607501 -2.66189 0 0.5 0.0555556
0.1215 -2.69026 0 0.5 0.111111
0.18225 -2.73602 0 0.5 0.166667
0.243 -2.79861 0 0.5 0.222222
0.30375 -2.87451 0 0.5 0.277778
0.3645 -2.9541 0 0.5 0.333333
0.42525 -3.02197 0 0.5 0.388889
0.486 -3.06545 0 0.5 0.444444
0.54675 -3.08006 0 0.5 0.5
0.607501 -3.02841 0 0.444444 0.444444
0.668251 -3.03438 0 0.388889 0.388889
0.729001 -2.89092 0 0.333333 0.333333
0.789751 -2.73834 0 0.277778 0.277778
0.850501 -2.59167 0 0.222222 0.222222
0.911251 -2.45552 0 0.166667 0.166667
0.972001 -2.3882 0 0.111111 0.111111
1.03275 -2.2792 0 0.0555556 0.0555556
1.0935 -2.39486 0 0 0
1.22144 -2.24978 0.0555556 0.0555556 0.0555556
1.34937 -2.33098 0.111111 0.111111 0.111111
1.47731 -2.42815 0.166667 0.166667 0.166667
1.60525 -2.59264 0.222222 0.222222 0.222222
1.73318 -2.75954 0.277778 0.277778 0.277778
1.86112 -2.87414 0.333333 0.333333 0.333333
1.98905 -2.94456 0.388889 0.388889 0.388889
2.11699 -3.13056 0.444444 0.444444 0.444444
2.24493 -3.2645 0.5 0.5 0.5
2.37917 -3.15466 0.5 0.444444 0.444444
2.51342 -2.98466 0.5 0.388889 0.388889
2.64766 -2.85142 0.5 0.333333 0.333333
2.78191 -2.76214 0.5 0.277778 0.277778
2.91616 -2.64027 0.5 0.222222 0.222222
3.0504 -2.50933 0.5 0.166667 0.166667
3.18465 -2.34681 0.5 0.111111 0.111111
3.31889 -2.35743 0.5 0.0555556 0.0555556
3.45314 -2.29174 0.5 0 0
3.58108 -2.38835 0.5 0.0555556 0
3.70901 -2.46579 0.5 0.111111 0
3.83695 -2.50982 0.5 0.166667 0
3.96488 -2.76627 0.5 0.222222 0
4.09282 -2.82354 0.5 0.277778 0
4.22076 -2.87732 0.5 0.333333 0
4.34869 -2.94726 0.5 0.388889 0
4.47663 -2.87903 0.5 0.444444 0
4.60456 -2.79403 0.5 0.5 0

0 -2.34003 0 0.5 0
0.0607501 -2.33591 0 0.5 0.0555556
0.1215 -2.32785 0 0.5 0.111111
0.18225 -2.3523 0 0.5 0.166667
0.243 -2.45531 0 0.5 0.222222
0.30375 -2.51653 0 0.5 0.277778
0.3645 -2.50188 0 0.5 0.333333
0.42525 -2.44194 0 0.5 0.388889
0.486 -2.37209 0 0.5 0.444444
0.54675 -2.32687 0 0.5 0.5
0.607501 -2.36941 0 0.444444 0.444444
0.668251 -2.40142 0 0.388889 0.388889
0.729001 -2.46376 0 0.333333 0.333333
0.789751 -2.4522 0 0.277778 0.277778
0.850501 -2.39764 0 0.222222 0.222222
0.911251 -2.4105 0 0.166667 0.166667
0.972001 -2.24206 0 0.111111 0.111111
1.03275 -2.15948 0 0.0555556 0.0555556
1.0935 -2.168 0 0 0
1.22144 -2.13769 0.0555556 0.0555556 0.0555556
1.34937 -2.31163 0.111111 0.111111 0.111111
1.47731 -2.37999 0.166667 0.166667 0.166667
1.60525 -2.49627 0.222222 0.222222 0.222222
1.73318 -2.53596 0.277778 0.277778 0.277778
1.86112 -2.4985 0.333333 0.333333 0.333333
1.98905 -2.44243 0.388889 0.388889 0.388889
2.11699 -2.33537 0.444444 0.444444 0.444444
2.24493 -2.2509 0.5 0.5 0.5
2.37917 -2.3264 0.5 0.444444 0.444444
2.51342 -2.4054 0.5 0.388889 0.388889
2.64766 -2.52478 0.5 0.333333 0.333333
2.78191 -2.5804 0.5 0.277778 0.277778
2.91616 -2.59043 0.5 0.222222 0.222222
3.0504 -2.37367 0.5 0.166667 0.166667
3.18465 -2.16085 0.5 0.111111 0.111111
3.31889 -2.01289 0.5 0.0555556 0.0555556
3.45314 -2.06405 0.5 0 0
3.58108 -1.98231 0.5 0.0555556 0
3.70901 -2.16107 0.5 0.111111 0
3.83695 -2.3586 0.5 0.166667 0
3.96488 -2.18243 0.5 0.222222 0
4.09282 -2.08237 0.5 0.277778 0
4.22076 -2.15414 0.5 0.333333 0
4.34869 -2.22073 0.5 0.388889 0
4.47663 -2.26837 0.5 0.444444 0
4.60456 -2.33505 0.5 0.5 0

0 -2.34003 0 0.5 0
0.0607501 -2.33591 0 0.5 0.0555556
0.1215 -2.32785 0 0.5 0.111111
0.18225 -2.3523 0 0.5 0.166667
0.243 -2.45531 0 0.5 0.222222
0.30375 -2.51653 0 0.5 0.277778
0.3645 -2.50188 0 0.5 0.333333
0.42525 -2.44194 0 0.5 0.388889
0.486 -2.37209 0 0.5 0.444444
0.54675 -2.32687 0 0.5 0.5
0.607501 -2.3416 0 0.444444 0.444444
0.668251 -2.37023 0 0.388889 0.388889
0.729001 -2.34223 0 0.333333 0.333333
0.789751 -2.31966 0 0.277778 0.277778
0.850501 -2.34722 0 0.222222 0.222222
0.911251 -2.24227 0 0.166667 0.166667
0.972001 -2.14778 0 0.111111 0.111111
1.03275 -2.12481 0 0.0555556 0.0555556
1.0935 -1.92743 0 0 0
1.22144 -2.12537 0.0555556 0.0555556 0.0555556
1.34937 -2.1232 0.111111 0.111111 0.111111
1.47731 -2.31471 0.166667 0.166667 0.166667
1.60525 -2.29159 0.222222 0.222222 0.222222
1.73318 -2.30943 0.277778 0.277778 0.277778
1.86112 -2.33833 0.333333 0.333333 0.333333
1.98905 -2.32982 0.388889 0.388889 0.388889
2.11699 -2.28802 0.444444 0.444444 0.444444
2.24493 -2.2509 0.5 0.5 0.5
2.37917 -2.293 0.5 0.444444 0.444444
2.51342 -2.36968 0.5 0.388889 0.388889
2.64766 -2.43437 0.5 0.333333 0.333333
2.78191 -2.36365 0.5 0.277778 0.277778
2.91616 -2.25012 0.5 0.222222 0.222222
3.0504 -2.16673 0.5 0.166667 0.166667
3.18465 -2.09624 0.5 0.111111 0.111111
3.31889 -1.96911 0.5 0.0555556 0.0555556
3.45314 -2.06405 0.5 0 0
3.58108 -1.98231 0.5 0.0555556 0
3.70901 -2.16107 0.5 0.111111 0
3.83695 -2.3586 0.5 0.166667 0
3.96488 -2.18243 0.5 0.222222 0
4.09282 -2.08237 0.5 0.277778 0
4.22076 -2.15414 0.5 0.333333 0
4.34869 -2.22073 0.5 0.388889 0
4.47663 -2.26837 0.5 0.444444 0
4.60456 -2.33505 0.5 0.5 0

0 -1.99978 0 0.5 0
0.0607501 -2.07717 0 0.5 0.0555556
0.1215 -2.19065 0 0.5 0.111111
0.18225 -2.2824 0 0.5 0.166667
0.243 -2.28173 0 0.5 0.222222
0.30375 -2.26455 0 0.5 0.277778
0.3645 -2.245 0 0.5 0.333333
0.42525 -2.2355 0 0.5 0.388889
0.486 -2.25043 0 0.5 0.444444
0.54675 -2.2763 0 0.5 0.5
0.607501 -2.23898 0 0.444444 0.444444
0.668251 -2.18039 0 0.388889 0.388889
0.729001 -2.20956 0 0.333333 0.333333
0.789751 -2.29789 0 0.277778 0.277778
0.850501 -2.3031 0 0.222222 0.222222
0.911251 -2.21395 0 0.166667 0.166667
0.972001 -2.0288 0 0.111111 0.111111
1.03275 -1.97462 0 0.0555556 0.0555556
1.0935 -1.92324 0 0 0
1.22144 -1.97102 0.0555556 0.0555556 0.0555556
1.34937 -2.02174 0.111111 0.111111 0.111111
1.47731 -2.15082 0.166667 0.166667 0.166667
1.60525 -2.14472 0.222222 0.222222 0.222222
1.73318 -2.22705 0.277778 0.277778 0.277778
1.86112 -2.33398 0.333333 0.333333 0.333333
1.98905 -2.30174 0.388889 0.388889 0.388889
2.11699 -2.21927 0.444444 0.444444 0.444444
2.24493 -2.22975 0.5 0.5 0.5
2.37917 -2.21019 0.5 0.444444 0.444444
2.51342 -2.33654 0.5 0.388889 0.388889
2.64766 -2.40767 0.5 0.333333 0.333333
2.78191 -2.36091 0.5 0.277778 0.277778
2.91616 -2.2206 0.5 0.222222 0.222222
3.0504 -2.06792 0.5 0.166667 0.166667
3.18465 -1.94784 0.5 0.111111 0.111111
3.31889 -1.85511 0.5 0.0555556 0.0555556
3.45314 -1.70919 0.5 0 0
3.58108 -1.8271 0.5 0.0555556 0
3.70901 -1.8771 0.5 0.111111 0
3.83695 -1.93383 0.5 0.166667 0
3.96488 -1.98033 0.5 0.222222 0
4.09282 -2.01642 0.5 0.277778 0
4.22076 -2.03546 0.5 0.333333 0
4.34869 -2.12558 0.5 0.388889 0
4.47663 -2.24172 0.5 0.444444 0
4.60456 -2.26201 0.5 0.5 0

0 -1.99978 0 0.5 0
0.0607501 -2.07717 0 0.5 0.0555556
0.1215 -2.19065 0 0.5 0.111111
0.18225 -2.2824 0 0.5 0.166667
0.243 -2.28173 0 0.5 0.222222
0.30375 -2.26455 0 0.5 0.277778
0.3645 -2.245 0 0.5 0.333333
0.42525 -2.2355 0 0.5 0.388889
0.486 -2.25043 0 0.5 0.444444
0.54675 -2.2763 0 0.5 0.5
0.607501 -2.21644 0 0.444444 0.444444
0.668251 -2.16383 0 0.388889 0.388889
0.729001 -2.1261 0 0.333333 0.333333
0.789751 -2.11479 0 0.277778 0.277778
0.850501 -2.09282 0 0.222222 0.222222
0.911251 -2.03193 0 0.166667 0.166667
0.972001 -1.96564 0 0.111111 0.111111
1.03275 -1.78931 0 0.0555556 0.0555556
1.0935 -1.703 0 0 0
1.22144 -1.78798 0.0555556 0.0555556 0.0555556
1.34937 -1.91385 0.111111 0.111111 0.111111
1.47731 -2.02556 0.166667 0.166667 0.166667
1.60525 -2.12858 0.222222 0.222222 0.222222
1.73318 -2.1256 0.277778 0.277778 0.277778
1.86112 -2.16171 0.333333 0.333333 0.333333
1.98905 -2.20457 0.388889 0.388889 0.388889
2.11699 -2.19513 0.444444 0.444444 0.444444
2.24493 -2.22975 0.5 0.5 0.5
2.37917 -2.19433 0.5 0.444444 0.444444
2.51342 -2.16673 0.5 0.388889 0.388889
2.64766 -2.09172 0.5 0.333333 0.333333
2.78191 -2.01959 0.5 0.277778 0.277778
2.91616 -1.98511 0.5 0.222222 0.222222
3.0504 -2.01214 0.5 0.166667 0.166667
3.18465 -1.91529 0.5 0.111111 0.111111
3.31889 -1.79495 0.5 0.0555556 0.0555556
3.45314 -1.70919 0.5 0 0
3.58108 -1.8271 0.5 0.0555556 0
3.70901 -1.8771 0.5 0.111111 0
3.83695 -1.93383 0.5 0.166667 0
3.96488 -1.98033 0.5 0.222222 0
4.09282 -2.01642 0.5 0.277778 0
4.22076 -2.03546 0.5 0.333333 0
4.34869 -2.12558 0.5 0.388889 0
4.47663 -2.24172 0.5 0.444444 0
4.60456 -2.26201 0.5 0.5 0

0 -1.96429 0 0.5 0
0.0607501 -1.91492 0 0.5 0.0555556
0.1215 -1.88303 0 0.5 0.111111
0.18225 -1.88517 0 0.5 0.166667
0.243 -1.91167 0 0.5 0.222222
0.30375 -1.94392 0 0.5 0.277778
0.3645 -1.96833 0 0.5 0.333333
0.42525 -1.97402 0 0.5 0.388889
0.486 -1.95623 0 0.5 0.444444
0.54675 -1.93959 0 0.5 0.5
0.607501 -2.05521 0 0.444444 0.444444
0.668251 -2.06206 0 0.388889 0.388889
0.729001 -2.06843 0 0.333333 0.333333
0.789751 -2.06428 0 0.277778 0.277778
0.850501 -2.02667 0 0.222222 0.222222
0.911251 -1.95526 0 0.166667 0.166667
0.972001 -1.86921 0 0.111111 0.111111
1.03275 -1.7458 0 0.0555556 0.0555556
1.0935 -1.69921 0 0 0
1.22144 -1.74709 0.0555556 0.0555556 0.0555556
1.34937 -1.86854 0.111111 0.111111 0.111111
1.47731 -1.9518 0.166667 0.166667 0.166667
1.60525 -1.98829 0.222222 0.222222 0.222222
1.73318 -1.95964 0.277778 0.277778 0.277778
1.86112 -2.03368 0.333333 0.333333 0.333333
1.98905 -2.03956 0.388889 0.388889 0.388889
2.11699 -1.99811 0.444444 0.444444 0.444444
2.24493 -1.93237 0.5 0.5 0.5
2.37917 -1.99711 0.5 0.444444 0.444444
2.51342 -2.01287 0.5 0.388889 0.388889
2.64766 -1.97283 0.5 0.333333 0.333333
2.78191 -1.94439 0.5 0.277778 0.277778
2.91616 -1.9304 0.5 0.222222 0.222222
3.0504 -1.92229 0.5 0.166667 0.166667
3.18465 -1.87331 0.5 0.111111 0.111111
3.31889 -1.77304 0.5 0.0555556 0.0555556
3.45314 -1.67976 0.5 0 0
3.58108 -1.7622 0.5 0.0555556 0
3.70901 -1.86376 0.5 0.111111 0
3.83695 -1.90745 0.5 0.166667 0
3.96488 -1.9544 0.5 0.222222 0
4.09282 -1.97422 0.5 0.277778 0
4.22076 -1.9031 0.5 0.333333 0
4.34869 -1.82971 0.5 0.388889 0
4.47663 -1.78377 0.5 0.444444 0
4.60456 -1.76766 0.5 0.5 0

0 -1.96429 0 0.5 0
0.0607501 -1.91492 0 0.5 0.0555556
0.1215 -1.88303 0 0.5 0.111111
0.18225 -1.88517 0 0.5 0.166667
0.243 -1.91167 0 0.5 0.222222
0.30375 -1.94392 0 0.5 0.277778
0.3645 -1.96833 0 0.5 0.333333
0.42525 -1.97402 0 0.5 0.388889
0.486 -1.95623 0 0.5 0.444444
0.54675 -1.93959 0 0.5 0.5
0.607501 -1.93183 0 0.444444 0.444444
0.668251 -2.02093 0 0.388889 0.388889
0.729001 -1.95955 0 0.333333 0.333333
0.789751 -1.87429 0 0.277778 0.277778
0.850501 -1.83457 0 0.222222 0.222222
0.911251 -1.85127 0 0.166667 0.166667
0.972001 -1.85092 0 0.111111 0.111111
1.03275 -1.73121 0 0.0555556 0.0555556
1.0935 -1.68776 0 0 0
1.22144 -1.73091 0.0555556 0.0555556 0.0555556
1.34937 -1.85278 0.111111 0.111111 0.111111
1.47731 -1.85488 0.166667 0.166667 0.166667
1.60525 -1.8838 0.222222 0.222222 0.222222
1.73318 -1.93554 0.277778 0.277778 0.277778
1.86112 -1.89184 0.333333 0.333333 0.333333
1.98905 -1.94666 0.388889 0.388889 0.388889
2.11699 -1.93985 0.444444 0.444444 0.444444
2.24493 -1.93237 0.5 0.5 0.5
2.37917 -1.95004 0.5 0.444444 0.444444
2.51342 -1.9537 0.5 0.388889 0.388889
2.64766 -1.92124 0.5 0.333333 0.333333
2.78191 -1.82209 0.5 0.277778 0.277778
2.91616 -1.86351 0.5 0.222222 0.222222
3.0504 -1.89554 0.5 0.166667 0.166667
3.18465 -1.86697 0.5 0.111111 0.111111
3.31889 -1.75204 0.5 0.0555556 0.0555556
3.45314 -1.67976 0.5 0 0
3.58108 -1.7622 0.5 0.0555556 0
3.70901 -1.86376 0.5 0.111111 0
3.83695 -1.90745 0.5 0.166667 0
3.96488 -1.9544 0.5 0.222222 0
4.09282 -1.97422 0.5 0.277778 0
4.22076 -1.9031 0.5 0.333333 0
4.34869 -1.82971 0.5 0.388889 0
4.47663 -1.78377 0.5 0.444444 0
4.60456 -1.76766 0.5 0.5 0

0 -1.64022 0 0.5 0
0.0607501 -1.64877 0 0.5 0.0555556
0.1215 -1.66744 0 0.5 0.111111
0.18225 -1.68116 0 0.5 0.166667
0.243 -1.68441 0 0.5 0.222222
0.30375 -1.68316 0 0.5 0.277778
0.3645 -1.6819 0 0.5 0.333333
0.42525 -1.68899 0 0.5 0.388889
0.486 -1.74568 0 0.5 0.444444
0.54675 -1.77521 0 0.5 0.5
0.607501 -1.81115 0 0.444444 0.444444
0.668251 -1.80104 0 0.388889 0.388889
0.729001 -1.73758 0 0.333333 0.333333
0.789751 -1.63943 0 0.277778 0.277778
0.850501 -1.56728 0 0.222222 0.222222
0.911251 -1.55248 0 0.166667 0.166667
0.972001 -1.6481 0 0.111111 0.111111
1.03275 -1.70942 0 0.0555556 0.0555556
1.0935 -1.68612 0 0 0
1.22144 -1.71351 0.0555556 0.0555556 0.0555556
1.34937 -1.65451 0.111111 0.111111 0.111111
1.47731 -1.55572 0.166667 0.166667 0.166667
1.60525 -1.58439 0.222222 0.222222 0.222222
1.73318 -1.72378 0.277778 0.277778 0.277778
1.86112 -1.86448 0.333333 0.333333 0.333333
1.98905 -1.90761 0.388889 0.388889 0.388889
2.11699 -1.92635 0.444444 0.444444 0.444444
2.24493 -1.87244 0.5 0.5 0.5
2.37917 -1.92323 0.5 0.444444 0.444444
2.51342 -1.89762 0.5 0.388889 0.388889
2.64766 -1.83594 0.5 0.333333 0.333333
2.78191 -1.82007 0.5 0.277778 0.277778
2.91616 -1.70249 0.5 0.222222 0.222222
3.0504 -1.61388 0.5 0.166667 0.166667
3.18465 -1.58544 0.5 0.111111 0.111111
3.31889 -1.60713 0.5 0.0555556 0.0555556
3.45314 -1.66517 0.5 0 0
3.58108 -1.58936 0.5 0.0555556 0
3.70901 -1.57618 0.5 0.111111 0
3.83695 -1.59725 0.5 0.166667 0
3.96488 -1.62806 0.5 0.222222 0
4.09282 -1.64215 0.5 0.277778 0
4.22076 -1.62891 0.5 0.333333 0
4.34869 -1.61445 0.5 0.388889 0
4.47663 -1.61324 0.5 0.444444 0
4.60456 -1.61373 0.5 0.5 0

0 -1.64022 0 0.5 0
0.0607501 -1.64877 0 0.5 0.0555556
0.1215 -1.66744 0 0.5 0.111111
0.18225 -1.68116 0 0.5 0.166667
0.243 -1.68441 0 0.5 0.222222
0.30375 -1.68316 0 0.5 0.277778
0.3645 -1.6819 0 0.5 0.333333
0.42525 -1.68899 0 0.5 0.388889
0.486 -1.74568 0 0.5 0.444444
0.54675 -1.77521 0 0.5 0.5
0.607501 -1.762 0 0.444444 0.444444
0.668251 -1.75378 0 0.388889 0.388889
0.729001 -1.70114 0 0.333333 0.333333
0.789751 -1.59981 0 0.277778 0.277778
0.850501 -1.53176 0 0.222222 0.222222
0.911251 -1.49249 0 0.166667 0.166667
0.972001 -1.43477 0 0.111111 0.111111
1.03275 -1.40211 0 0.0555556 0.0555556
1.0935 -1.39325 0 0 0
1.22144 -1.40993 0.0555556 0.0555556 0.0555556
1.34937 -1.44232 0.111111 0.111111 0.111111
1.47731 -1.48255 0.166667 0.166667 0.166667
1.60525 -1.53568 0.222222 0.222222 0.222222
1.73318 -1.59827 0.277778 0.277778 0.277778
1.86112 -1.66061 0.333333 0.333333 0.333333
1.98905 -1.73084 0.388889 0.388889 0.388889
2.11699 -1.81558 0.444444 0.444444 0.444444
2.24493 -1.87244 0.5 0.5 0.5
2.37917 -1.81573 0.5 0.444444 0.444444
2.51342 -1.74774 0.5 0.388889 0.388889
2.64766 -1.68789 0.5 0.333333 0.333333
2.78191 -1.64827 0.5 0.277778 0.277778
2.91616 -1.60795 0.5 0.222222 0.222222
3.0504 -1.5789 0.5 0.166667 0.166667
3.18465 -1.56831 0.5 0.111111 0.111111
3.31889 -1.57762 0.5 0.0555556 0.0555556
3.45314 -1.66517 0.5 0 0
3.58108 -1.58936 0.5 0.0555556 0
3.70901 -1.57618 0.5 0.111111 0
3.83695 -1.59725 0.5 0.166667 0
3.96488 -1.62806 0.5 0.222222 0
4.09282 -1.64215 0.5 0.277778 0
4.22076 -1.62891 0.5 0.333333 0
4.34869 -1.61445 0.5 0.388889 0
4.47663 -1.61324 0.5 0.444444 0
4.60456 -1.61373 0.5 0.5 0

0 -1.43976 0 0.5 0
0.0607501 -1.44678 0 0.5 0.0555556
0.1215 -1.46689 0 0.5 0.111111
0.18225 -1.4974 0 0.5 0.166667
0.243 -1.53562 0 0.5 0.222222
0.30375 -1.57995 0 0.5 0.277778
0.3645 -1.63053 0 0.5 0.333333
0.42525 -1.68013 0 0.5 0.388889
0.486 -1.68064 0 0.5 0.444444
0.54675 -1.6805 0 0.5 0.5
0.607501 -1.61859 0 0.444444 0.444444
0.668251 -1.58709 0 0.388889 0.388889
0.729001 -1.57519 0 0.333333 0.333333
0.789751 -1.54129 0 0.277778 0.277778
0.850501 -1.47033 0 0.222222 0.222222
0.911251 -1.41533 0 0.166667 0.166667
0.972001 -1.37145 0 0.111111 0.111111
1.03275 -1.33683 0 0.0555556 0.0555556
1.0935 -1.32179 0 0 0
1.22144 -1.33171 0.0555556 0.0555556 0.0555556
1.34937 -1.35588 0.111111 0.111111 0.111111
1.47731 -1.38854 0.166667 0.166667 0.166667
1.60525 -1.4175 0.222222 0.222222 0.222222
1.73318 -1.44436 0.277778 0.277778 0.277778
1.86112 -1.47389 0.333333 0.333333 0.333333
1.98905 -1.52114 0.388889 0.388889 0.388889
2.11699 -1.55891 0.444444 0.444444 0.444444
2.24493 -1.59901 0.5 0.5 0.5
2.37917 -1.55248 0.5 0.444444 0.444444
2.51342 -1.53986 0.5 0.388889 0.388889
2.64766 -1.51556 0.5 0.333333 0.333333
2.78191 -1.45922 0.5 0.277778 0.277778
2.91616 -1.4153 0.5 0.222222 0.222222
3.0504 -1.39979 0.5 0.166667 0.166667
3.18465 -1.41594 0.5 0.111111 0.111111
3.31889 -1.47091 0.5 0.0555556 0.0555556
3.45314 -1.45599 0.5 0 0
3.58108 -1.41068 0.5 0.0555556 0
3.70901 -1.32923 0.5 0.111111 0
3.83695 -1.29126 0.5 0.166667 0
3.96488 -1.31096 0.5 0.222222 0
4.09282 -1.3692 0.5 0.277778 0
4.22076 -1.42939 0.5 0.333333 0
4.34869 -1.44764 0.5 0.388889 0
4.47663 -1.42923 0.5 0.444444 0
4.60456 -1.41763 0.5 0.5 0

0 -1.43976 0 0.5 0
0.0607501 -1.44678 0 0.5 0.0555556
0.1215 -1.46689 0 0.5 0.111111
0.18225 -1.4974 0 0.5 0.166667
0.243 -1.53562 0 0.5 0.222222
0.30375 -1.57995 0 0.5 0.277778
0.3645 -1.63053 0 0.5 0.333333
0.42525 -1.68013 0 0.5 0.388889
0.486 -1.68064 0 0.5 0.444444
0.54675 -1.6805 0 0.5 0.5
0.607501 -1.58535 0 0.444444 0.444444
0.668251 -1.48724 0 0.388889 0.388889
0.729001 -1.40879 0 0.333333 0.333333
0.789751 -1.35288 0 0.277778 0.277778
0.850501 -1.31576 0 0.222222 0.222222
0.911251 -1.28936 0 0.166667 0.166667
0.972001 -1.26021 0 0.111111 0.111111
1.03275 -1.23152 0 0.0555556 0.0555556
1.0935 -1.22091 0 0 0
1.22144 -1.2483 0.0555556 0.0555556 0.0555556
1.34937 -1.29693 0.111111 0.111111 0.111111
1.47731 -1.33913 0.166667 0.166667 0.166667
1.60525 -1.37549 0.222222 0.222222 0.222222
1.73318 -1.41693 0.277778 0.277778 0.277778
1.86112 -1.47078 0.333333 0.333333 0.333333
1.98905 -1.5019 0.388889 0.388889 0.388889
2.11699 -1.54037 0.444444 0.444444 0.444444
2.24493 -1.59901 0.5 0.5 0.5
2.37917 -1.54526 0.5 0.444444 0.444444
2.51342 -1.49048 0.5 0.388889 0.388889
2.64766 -1.43795 0.5 0.333333 0.333333
2.78191 -1.3808 0.5 0.277778 0.277778
2.91616 -1.32496 0.5 0.222222 0.222222
3.0504 -1.28562 0.5 0.166667 0.166667
3.18465 -1.28844 0.5 0.111111 0.111111
3.31889 -1.35904 0.5 0.0555556 0.0555556
3.45314 -1.45599 0.5 0 0
3.58108 -1.41068 0.5 0.0555556 0
3.70901 -1.32923 0.5 0.111111 0
3.83695 -1.29126 0.5 0.166667 0
3.96488 -1.31096 0.5 0.222222 0
4.09282 -1.3692 0.5 0.277778 0
4.22076 -1.42939 0.5 0.333333 0
4.34869 -1.44764 0.5 0.388889 0
4.47663 -1.42923 0.5 0.444444 0
4.60456 -1.41763 0.5 0.5 0

0 -0.999731 0 0.5 0
0.0607501 -1.01282 0 0.5 0.0555556
0.1215 -1.05099 0 0.5 0.111111
0.18225 -1.11096 0 0.5 0.166667
0.243 -1.18731 0 0.5 0.222222
0.30375 -1.2724 0 0.5 0.277778
0.3645 -1.35596 0 0.5 0.333333
0.42525 -1.42571 0 0.5 0.388889
0.486 -1.47093 0 0.5 0.444444
0.54675 -1.48637 0 0.5 0.5
0.607501 -1.51763 0 0.444444 0.444444
0.668251 -1.36587 0 0.388889 0.388889
0.729001 -1.2573 0 0.333333 0.333333
0.789751 -1.20981 0 0.277778 0.277778
0.850501 -1.15942 0 0.222222 0.222222
0.911251 -1.09997 0 0.166667 0.166667
0.972001 -1.03839 0 0.111111 0.111111
1.03275 -1.04956 0 0.0555556 0.0555556
1.0935 -1.0599 0 0 0
1.22144 -1.0485 0.0555556 0.0555556 0.0555556
1.34937 -1.02234 0.111111 0.111111 0.111111
1.47731 -1.07214 0.166667 0.166667 0.166667
1.60525 -1.11768 0.222222 0.222222 0.222222
1.73318 -1.15982 0.277778 0.277778 0.277778
1.86112 -1.22872 0.333333 0.333333 0.333333
1.98905 -1.34986 0.388889 0.388889 0.388889
2.11699 -1.47948 0.444444 0.444444 0.444444
2.24493 -1.51636 0.5 0.5 0.5
2.37917 -1.49527 0.5 0.444444 0.444444
2.51342 -1.35892 0.5 0.388889 0.388889
2.64766 -1.21202 0.5 0.333333 0.333333
2.78191 -1.13347 0.5 0.277778 0.277778
2.91616 -1.08295 0.5 0.222222 0.222222
3.0504 -1.0413 0.5 0.166667 0.166667
3.18465 -1.01207 0.5 0.111111 0.111111
3.31889 -1.00114 0.5 0.0555556 0.0555556
3.45314 -0.997889 0.5 0 0
3.58108 -0.994793 0.5 0.0555556 0
3.70901 -0.987574 0.5 0.111111 0
3.83695 -0.979787 0.5 0.166667 0
3.96488 -0.974256 0.5 0.222222 0
4.09282 -0.973148 0.5 0.277778 0
4.22076 -0.977591 0.5 0.333333 0
4.34869 -0.98638 0.5 0.388889 0
4.47663 -0.995458 0.5 0.444444 0
4.60456 -0.999357 0.5 0.5 0

0 -0.999731 0 0.5 0
0.0607501 -1.01282 0 0.5 0.0555556
0.1215 -1.05099 0 0.5 0.111111
0.18225 -1.11096 0 0.5 0.166667
0.243 -1.18731 0 0.5 0.222222
0.30375 -1.2724 0 0.5 0.277778
0.3645 -1.35596 0 0.5 0.333333
0.42525 -1.42571 0 0.5 0.388889
0.486 -1.47093 0 0.5 0.444444
0.54675 -1.48637 0 0.5 0.5
0.607501 -1.40454 0 0.444444 0.444444
0.668251 -1.32064 0 0.388889 0.388889
0.729001 -1.18455 0 0.333333 0.333333
0.789751 -1.05215 0 0.277778 0.277778
0.850501 -0.986771 0 0.222222 0.222222
0.911251 -0.984868 0 0.166667 0.166667
0.972001 -1.01874 0 0.111111 0.111111
1.03275 -0.978869 0 0.0555556 0.0555556
1.0935 -0.944463 0 0 0
1.22144 -0.974175 0.0555556 0.0555556 0.0555556
1.34937 -1.0169 0.111111 0.111111 0.111111
1.47731 -0.992324 0.166667 0.166667 0.166667
1.60525 -1.01424 0.222222 0.222222 0.222222
1.73318 -1.08363 0.277778 0.277778 0.277778
1.86112 -1.19176 0.333333 0.333333 0.333333
1.98905 -1.33129 0.388889 0.388889 0.388889
2.11699 -1.46992 0.444444 0.444444 0.444444
2.24493 -1.51636 0.5 0.5 0.5
2.37917 -1.45443 0.5 0.444444 0.444444
2.51342 -1.32206 0.5 0.388889 0.388889
2.64766 -1.20909 0.5 0.333333 0.333333
2.78191 -1.10628 0.5 0.277778 0.277778
2.91616 -1.04263 0.5 0.222222 0.222222
3.0504 -1.00766 0.5 0.166667 0.166667
3.18465 -0.995044 0.5 0.111111 0.111111
3.31889 -0.995503 0.5 0.0555556 0.0555556
3.45314 -0.997889 0.5 0 0
3.58108 -0.994793 0.5 0.0555556 0
3.70901 -0.987574 0.5 0.111111 0
3.83695 -0.979787 0.5 0.166667 0
3.96488 -0.974256 0.5 0.222222 0
4.09282 -0.973148 0.5 0.277778 0
4.22076 -0.977591 0.5 0.333333 0
4.34869 -0.98638 0.5 0.388889 0
4.47663 -0.995458 0.5 0.444444 0
4.60456 -0.999357 0.5 0.5 0

0 4.44776 0 0.5 0
0.0607501 4.46317 0 0.5 0.0555556
0.1215 4.50923 0 0.5 0.111111
0.18225 4.58527 0 0.5 0.166667
0.243 4.68966 0 0.5 0.222222
0.30375 4.81941 0 0.5 0.277778
0.3645 4.96991 0 0.5 0.333333
0.42525 5.13478 0 0.5 0.388889
0.486 5.30523 0 0.5 0.444444
0.54675 5.44102 0 0.5 0.5
0.607501 5.16681 0 0.444444 0.444444
0.668251 4.94656 0 0.388889 0.388889
0.729001 4.63288 0 0.333333 0.333333
0.789751 4.00915 0 0.277778 0.277778
0.850501 3.28693 0 0.222222 0.222222
0.911251 2.5258 0 0.166667 0.166667
0.972001 1.78818 0 0.111111 0.111111
1.03275 1.17994 0 0.0555556 0.0555556
1.0935 0.917822 0 0 0
1.22144 1.20348 0.0555556 0.0555556 0.0555556
1.34937 1.84873 0.111111 0.111111 0.111111
1.47731 2.61311 0.166667 0.166667 0.166667
1.60525 3.39008 0.222222 0.222222 0.222222
1.73318 4.12252 0.277778 0.277778 0.277778
1.86112 4.69408 0.333333 0.333333 0.333333
1.98905 4.86132 0.388889 0.388889 0.388889
2.11699 5.14379 0.444444 0.444444 0.444444
2.24493 5.44834 0.5 0.5 0.5
2.37917 5.15997 0.5 0.444444 0.444444
2.51342 4.89524 0.5 0.388889 0.388889
2.64766 4.70294 0.5 0.333333 0.333333
2.78191 4.09941 0.5 0.277778 0.277778
2.91616 3.4341 0.5 0.222222 0.222222
3.0504 2.78072 0.5 0.166667 0.166667
3.18465 2.22714 0.5 0.111111 0.111111
3.31889 1.87601 0.5 0.0555556 0.0555556
3.45314 1.80587 0.5 0 0
3.58108 1.91299 0.5 0.0555556 0
3.70901 2.20839 0.5 0.111111 0
3.83695 2.63465 0.5 0.166667 0
3.96488 3.13646 0.5 0.222222 0
4.09282 3.67453 0.5 0.277778 0
4.22076 4.21975 0.5 0.333333 0
4.34869 4.51985 0.5 0.388889 0
4.47663 4.39363 0.5 0.444444 0
4.60456 4.34383 0.5 0.5 0

0 4.44777 0 0.5 0
0.0607501 4.46317 0 0.5 0.0555556
0.1215 4.50923 0 0.5 0.111111
0.18225 4.58527 0 0.5 0.166667
0.243 4.68966 0 0.5 0.222222
0.30375 4.81941 0 0.5 0.277778
0.3645 4.96991 0 0.5 0.333333
0.42525 5.13478 0 0.5 0.388889
0.486 5.30527 0 0.5 0.444444
0.54675 5.44105 0 0.5 0.5
0.607501 5.39707 0 0.444444 0.444444
0.668251 5.14453 0 0.388889 0.388889
0.729001 4.87449 0 0.333333 0.333333
0.789751 4.53036 0 0.277778 0.277778
0.850501 4.0417 0 0.222222 0.222222
0.911251 3.62554 0 0.166667 0.166667
0.972001 3.3275 0 0.111111 0.111111
1.03275 3.16201 0 0.0555556 0.0555556
1.0935 3.11285 0 0 0
1.22144 3.05064 0.0555556 0.0555556 0.0555556
1.34937 3.08425 0.111111 0.111111 0.111111
1.47731 3.31403 0.166667 0.166667 0.166667
1.60525 3.73071 0.222222 0.222222 0.222222
1.73318 4.25706 0.277778 0.277778 0.277778
1.86112 4.78977 0.333333 0.333333 0.333333
1.98905 5.22467 0.388889 0.388889 0.388889
2.11699 5.42073 0.444444 0.444444 0.444444
2.24493 5.44836 0.5 0.5 0.5
2.37917 5.39921 0.5 0.444444 0.444444
2.51342 5.17321 0.5 0.388889 0.388889
2.64766 4.74322 0.5 0.333333 0.333333
2.78191 4.29501 0.5 0.277778 0.277778
2.91616 3.6588 0.5 0.222222 0.222222
3.0504 3.02457 0.5 0.166667 0.166667
3.18465 2.45345 0.5 0.111111 0.111111
3.31889 2.01946 0.5 0.0555556 0.0555556
3.45314 1.80587 0.5 0 0
3.58108 1.91299 0.5 0.0555556 0
3.70901 2.20839 0.5 0.111111 0
3.83695 2.63465 0.5 0.166667 0
3.96488 3.13646 0.5 0.222222 0
4.09282 3.67453 0.5 0.277778 0
4.22076 4.21975 0.5 0.333333 0
4.34869 4.51985 0.5 0.388889 0
4.47663 4.39363 0.5 0.444444 0
4.60456 4.34383 0.5 0.5 0

0 5.03624 0 0.5 0
0.0607501 5.06873 0 0.5 0.0555556
0.1215 5.16326 0 0.5 0.111111
0.18225 5.31139 0 0.5 0.166667
0.243 5.49966 0 0.5 0.222222
0.30375 5.70899 0 0.5 0.277778
0.3645 5.85102 0 0.5 0.333333
0.42525 5.7707 0 0.5 0.388889
0.486 5.64287 0 0.5 0.444444
0.54675 5.52015 0 0.5 0.5
0.607501 5.42319 0 0.444444 0.444444
0.668251 5.26302 0 0.388889 0.388889
0.729001 5.01161 0 0.333333 0.333333
0.789751 4.85121 0 0.277778 0.277778
0.850501 4.42643 0 0.222222 0.222222
0.911251 4.00198 0 0.166667 0.166667
0.972001 3.65106 0 0.111111 0.111111
1.03275 3.41394 0 0.0555556 0.0555556
1.0935 3.32768 0 0 0
1.22144 3.50892 0.0555556 0.0555556 0.0555556
1.34937 3.84863 0.111111 0.111111 0.111111
1.47731 4.26085 0.166667 0.166667 0.166667
1.60525 4.70279 0.222222 0.222222 0.222222
1.73318 4.72629 0.277778 0.277778 0.277778
1.86112 4.80832 0.333333 0.333333 0.333333
1.98905 5.29924 0.388889 0.388889 0.388889
2.11699 5.46342 0.444444 0.444444 0.444444
2.24493 5.50555 0.5 0.5 0.5
2.37917 5.44635 0.5 0.444444 0.444444
2.51342 5.3382 0.5 0.388889 0.388889
2.64766 4.89937 0.5 0.333333 0.333333
2.78191 4.72836 0.5 0.277778 0.277778
2.91616 4.70529 0.5 0.222222 0.222222
3.0504 4.52119 0.5 0.166667 0.166667
3.18465 4.29686 0.5 0.111111 0.111111
3.31889 4.12265 0.5 0.0555556 0.0555556
3.45314 4.06071 0.5 0 0
3.58108 4.11127 0.5 0.0555556 0
3.70901 4.24402 0.5 0.111111 0
3.83695 4.41633 0.5 0.166667 0
3.96488 4.58166 0.5 0.222222 0
4.09282 4.69065 0.5 0.277778 0
4.22076 4.67499 0.5 0.333333 0
4.34869 4.74486 0.5 0.388889 0
4.47663 4.96829 0.5 0.444444 0
4.60456 4.98646 0.5 0.5 0

0 5.03624 0 0.5 0
0.0607501 5.06873 0 0.5 0.0555556
0.1215 5.16326 0 0.5 0.111111
0.18225 5.31139 0 0.5 0.166667
0.243 5.49967 0 0.5 0.222222
0.30375 5.70905 0 0.5 0.277778
0.3645 5.85122 0 0.5 0.333333
0.42525 5.77081 0 0.5 0.388889
0.486 5.64306 0 0.5 0.444444
0.54675 5.52018 0 0.5 0.5
0.607501 5.70603 0 0.444444 0.444444
0.668251 5.50371 0 0.388889 0.388889
0.729001 5.19414 0 0.333333 0.333333
0.789751 4.87097 0 0.277778 0.277778
0.850501 4.83531 0 0.222222 0.222222
0.911251 4.70687 0 0.166667 0.166667
0.972001 4.48073 0 0.111111 0.111111
1.03275 4.28493 0 0.0555556 0.0555556
1.0935 4.20908 0 0 0
1.22144 4.28845 0.0555556 0.0555556 0.0555556
1.34937 4.48447 0.111111 0.111111 0.111111
1.47731 4.69097 0.166667 0.166667 0.166667
1.60525 4.76659 0.222222 0.222222 0.222222
1.73318 5.10179 0.277778 0.277778 0.277778
1.86112 5.32287 0.333333 0.333333 0.333333
1.98905 5.38746 0.388889 0.388889 0.388889
2.11699 5.58625 0.444444 0.444444 0.444444
2.24493 5.50559 0.5 0.5 0.5
2.37917 5.61393 0.5 0.444444 0.444444
2.51342 5.36959 0.5 0.388889 0.388889
2.64766 5.27271 0.5 0.333333 0.333333
2.78191 5.14846 0.5 0.277778 0.277778
2.91616 4.90606 0.5 0.222222 0.222222
3.0504 4.59761 0.5 0.166667 0.166667
3.18465 4.31405 0.5 0.111111 0.111111
3.31889 4.12878 0.5 0.0555556 0.0555556
3.45314 4.06072 0.5 0 0
3.58108 4.11127 0.5 0.0555556 0
3.70901 4.24402 0.5 0.111111 0
3.83695 4.41633 0.5 0.166667 0
3.96488 4.58167 0.5 0.222222 0
4.09282 4.69065 0.5 0.277778 0
4.22076 4.67499 0.5 0.333333 0
4.34869 4.74486 0.5 0.388889 0
4.47663 4.96829 0.5 0.444444 0
4.60456 4.98646 0.5 0.5 0

0 5.55507 0 0.5 0
0.0607501 5.57774 0 0.5 0.0555556
0.1215 5.63995 0 0.5 0.111111
0.18225 5.72518 0 0.5 0.166667
0.243 5.80967 0 0.5 0.222222
0.30375 5.86339 0 0.5 0.277778
0.3645 5.91352 0 0.5 0.333333
0.668251 5.80436 0 0.388889 0.388889
0.729001 5.43373 0 0.333333 0.333333
0.789751 5.23843 0 0.277778 0.277778
0.850501 5.21653 0 0.222222 0.222222
0.911251 5.21687 0 0.166667 0.166667
0.972001 5.12393 0 0.111111 0.111111
1.03275 4.76999 0 0.0555556 0.0555556
1.0935 4.63059 0 0 0
1.22144 4.78247 0.0555556 0.0555556 0.0555556
1.34937 5.18312 0.111111 0.111111 0.111111
1.47731 5.32924 0.166667 0.166667 0.166667
1.60525 5.4374 0.222222 0.222222 0.222222
1.73318 5.58759 0.277778 0.277778 0.277778
1.86112 5.81827 0.333333 0.333333 0.333333
2.64766 5.68335 0.5 0.333333 0.333333
2.78191 5.34478 0.5 0.277778 0.277778
2.91616 5.11761 0.5 0.222222 0.222222
3.0504 5.12436 0.5 0.166667 0.166667
3.18465 5.14791 0.5 0.111111 0.111111
3.31889 5.02724 0.5 0.0555556 0.0555556
3.45314 4.96536 0.5 0 0
3.58108 5.06002 0.5 0.0555556 0
3.70901 5.26783 0.5 0.111111 0
3.83695 5.3979 0.5 0.166667 0
3.96488 5.36593 0.5 0.222222 0
4.09282 5.22024 0.5 0.277778 0
4.22076 5.09829 0.5 0.333333 0
4.34869 5.0989 0.5 0.388889 0
4.47663 5.36592 0.5 0.444444 0
4.60456 5.62386 0.5 0.5 0

0 5.55508 0 0.5 0
0.0607501 5.57774 0 0.5 0.0555556
0.1215 5.63995 0 0.5 0.111111
0.18225 5.72522 0 0.5 0.166667
0.243 5.80968 0 0.5 0.222222
0.30375 5.86363 0 0.5 0.277778
0.3645 5.91396 0 0.5 0.333333
0.789751 5.89288 0 0.277778 0.277778
0.850501 5.62157 0 0.222222 0.222222
0.911251 5.45345 0 0.166667 0.166667
0.972001 5.21371 0 0.111111 0.111111
1.03275 5.09495 0 0.0555556 0.0555556
1.0935 5.04293 0 0 0
1.22144 5.09393 0.0555556 0.0555556 0.0555556
1.34937 5.21327 0.111111 0.111111 0.111111
1.47731 5.35047 0.166667 0.166667 0.166667
1.60525 5.45104 0.222222 0.222222 0.222222
1.73318 5.63659 0.277778 0.277778 0.277778
1.86112 5.87939 0.333333 0.333333 0.333333
2.64766 5.99581 0.5 0.333333 0.333333
2.78191 5.80344 0.5 0.277778 0.277778
2.91616 5.64884 0.5 0.222222 0.222222
3.0504 5.49365 0.5 0.166667 0.166667
3.18465 5.30068 0.5 0.111111 0.111111
3.31889 5.09139 0.5 0.0555556 0.0555556
3.45314 4.96538 0.5 0 0
3.58108 5.06009 0.5 0.0555556 0
3.70901 5.26787 0.5 0.111111 0
3.83695 5.39794 0.5 0.166667 0
3.96488 5.36597 0.5 0.222222 0
4.09282 5.22024 0.5 0.277778 0
4.22076 5.0983 0.5 0.333333 0
4.34869 5.0989 0.5 0.388889 0
4.47663 5.36592 0.5 0.444444 0
4.60456 5.62386 0.5 0.5 0

0 5.77913 0 0.5 0
0.0607501 5.79728 0 0.5 0.0555556
0.1215 5.8513 0 0.5 0.111111
0.18225 5.93851 0 0.5 0.166667
0.911251 5.66417 0 0.166667 0.166667
0.972001 5.36439 0 0.111111 0.111111
1.03275 5.28164 0 0.0555556 0.0555556
1.0935 5.24283 0 0 0
1.22144 5.27049 0.0555556 0.0555556 0.0555556
1.34937 5.32484 0.111111 0.111111 0.111111
1.47731 5.70535 0.166667 0.166667 0.166667
3.0504 5.92696 0.5 0.166667 0.166667
3.18465 5.49775 0.5 0.111111 0.111111
3.31889 5.27581 0.5 0.0555556 0.0555556
3.45314 5.21182 0.5 0 0
3.58108 5.29048 0.5 0.0555556 0
3.70901 5.52725 0.5 0.111111 0
3.83695 5.91656 0.5 0.166667 0

0 5.77924 0 0.5 0
0.0607501 5.79729 0 0.5 0.0555556
0.1215 5.85132 0 0.5 0.111111
0.18225 5.93851 0 0.5 0.166667
0.972001 5.89047 0 0.111111 0.111111
1.03275 5.56689 0 0.0555556 0.0555556
1.0935 5.44567 0 0 0
1.22144 5.56038 0.0555556 0.0555556 0.0555556
1.34937 5.85006 0.111111 0.111111 0.111111
3.18465 5.60396 0.5 0.111111 0.111111
3.31889 5.29928 0.5 0.0555556 0.0555556
3.45314 5.21195 0.5 0 0
3.58108 5.29072 0.5 0.0555556 0
3.70901 5.5273 0.5 0.111111 0
3.83695 5.9168 0.5 0.166667 0





