

















0.929193 -4.92036 0 0.166667 0.166667
0.991139 -4.78448 0 0.111111 0.111111
1.05309 -4.75612 0 0.0555556 0.0555556
1.11503 -4.76143 0 0 0
1.2455 -4.73594 0.0555556 0.0555556 0.0555556
1.37597 -4.71971 0.111111 0.111111 0.111111
1.50644 -4.82989 0.166667 0.166667 0.166667
3.11076 -4.72298 0.5 0.166667 0.166667
3.24768 -4.4251 0.5 0.111111 0.111111
3.3846 -4.34114 0.5 0.0555556 0.0555556
3.52152 -4.34387 0.5 0 0
3.65199 -4.34237 0.5 0.0555556 0
3.78246 -4.38539 0.5 0.111111 0
3.91293 -4.66883 0.5 0.166667 0

0.929193 -4.68658 0 0.166667 0.166667
0.991139 -4.57766 0 0.111111 0.111111
1.05309 -4.59214 0 0.0555556 0.0555556
1.11503 -4.60629 0 0 0
1.2455 -4.58195 0.0555556 0.0555556 0.0555556
1.37597 -4.52924 0.111111 0.111111 0.111111
1.50644 -4.55864 0.166667 0.166667 0.166667
1.6369 -4.92378 0.222222 0.222222 0.222222
2.97384 -4.93645 0.5 0.222222 0.222222
3.11076 -4.59278 0.5 0.166667 0.166667
3.24768 -4.36359 0.5 0.111111 0.111111
3.3846 -4.32834 0.5 0.0555556 0.0555556
3.52152 -4.34387 0.5 0 0
3.65199 -4.34237 0.5 0.0555556 0
3.78246 -4.38539 0.5 0.111111 0
3.91293 -4.66883 0.5 0.166667 0

0.8053 -4.88049 0 0.277778 0.277778
0.867247 -4.61754 0 0.222222 0.222222
0.929193 -4.3029 0 0.166667 0.166667
0.991139 -4.16857 0 0.111111 0.111111
1.05309 -4.07546 0 0.0555556 0.0555556
1.11503 -4.02979 0 0 0
1.2455 -4.06265 0.0555556 0.0555556 0.0555556
1.37597 -4.1381 0.111111 0.111111 0.111111
1.50644 -4.36481 0.166667 0.166667 0.166667
1.6369 -4.59956 0.222222 0.222222 0.222222
1.76737 -4.80701 0.277778 0.277778 0.277778
2.83692 -4.87995 0.5 0.277778 0.277778
2.97384 -4.47612 0.5 0.222222 0.222222
3.11076 -4.25625 0.5 0.166667 0.166667
3.24768 -4.20327 0.5 0.111111 0.111111
3.3846 -4.02201 0.5 0.0555556 0.0555556
3.52152 -3.82382 0.5 0 0
3.65199 -3.90532 0.5 0.0555556 0
3.78246 -4.12229 0.5 0.111111 0
3.91293 -4.22497 0.5 0.166667 0
4.0434 -4.26422 0.5 0.222222 0
4.17386 -4.58262 0.5 0.277778 0

0.743354 -4.96715 0 0.333333 0.333333
0.8053 -4.76406 0 0.277778 0.277778
0.867247 -4.48035 0 0.222222 0.222222
0.929193 -4.2527 0 0.166667 0.166667
0.991139 -3.95187 0 0.111111 0.111111
1.05309 -3.6959 0 0.0555556 0.0555556
1.11503 -3.60338 0 0 0
1.2455 -3.69252 0.0555556 0.0555556 0.0555556
1.37597 -3.9509 0.111111 0.111111 0.111111
1.50644 -4.21007 0.166667 0.166667 0.166667
1.6369 -4.4247 0.222222 0.222222 0.222222
1.76737 -4.80439 0.277778 0.277778 0.277778
1.89784 -4.9418 0.333333 0.333333 0.333333
2.56308 -4.9688 0.5 0.388889 0.388889
2.7 -4.82998 0.5 0.333333 0.333333
2.83692 -4.67617 0.5 0.277778 0.277778
2.97384 -4.39261 0.5 0.222222 0.222222
3.11076 -4.16751 0.5 0.166667 0.166667
3.24768 -4.00225 0.5 0.111111 0.111111
3.3846 -3.81567 0.5 0.0555556 0.0555556
3.52152 -3.82382 0.5 0 0
3.65199 -3.90532 0.5 0.0555556 0
3.78246 -4.12229 0.5 0.111111 0
3.91293 -4.22497 0.5 0.166667 0
4.0434 -4.26422 0.5 0.222222 0
4.17386 -4.58262 0.5 0.277778 0

0 -4.51341 0 0.5 0
0.0619462 -4.54859 0 0.5 0.0555556
0.123892 -4.63248 0 0.5 0.111111
0.185839 -4.7312 0 0.5 0.166667
0.247785 -4.82268 0 0.5 0.222222
0.309731 -4.89616 0 0.5 0.277778
0.371677 -4.94949 0 0.5 0.333333
0.433623 -4.98572 0 0.5 0.388889
0.619462 -4.9592 0 0.444444 0.444444
0.681408 -4.88163 0 0.388889 0.388889
0.743354 -4.80956 0 0.333333 0.333333
0.8053 -4.69963 0 0.277778 0.277778
0.867247 -4.44461 0 0.222222 0.222222
0.929193 -4.1308 0 0.166667 0.166667
0.991139 -3.6633 0 0.111111 0.111111
1.05309 -3.36815 0 0.0555556 0.0555556
1.11503 -3.26575 0 0 0
1.2455 -3.41322 0.0555556 0.0555556 0.0555556
1.37597 -3.8035 0.111111 0.111111 0.111111
1.50644 -4.20103 0.166667 0.166667 0.166667
1.6369 -4.41904 0.222222 0.222222 0.222222
1.76737 -4.58364 0.277778 0.277778 0.277778
1.89784 -4.85489 0.333333 0.333333 0.333333
2.02831 -4.9526 0.388889 0.388889 0.388889
2.15878 -4.98181 0.444444 0.444444 0.444444
2.28925 -4.99465 0.5 0.5 0.5
2.42616 -4.96914 0.5 0.444444 0.444444
2.56308 -4.91127 0.5 0.388889 0.388889
2.7 -4.81923 0.5 0.333333 0.333333
2.83692 -4.6576 0.5 0.277778 0.277778
2.97384 -4.33487 0.5 0.222222 0.222222
3.11076 -4.09839 0.5 0.166667 0.166667
3.24768 -3.87284 0.5 0.111111 0.111111
3.3846 -3.59349 0.5 0.0555556 0.0555556
3.52152 -3.4708 0.5 0 0
3.65199 -3.56898 0.5 0.0555556 0
3.78246 -3.73942 0.5 0.111111 0
3.91293 -3.86603 0.5 0.166667 0
4.0434 -4.02339 0.5 0.222222 0
4.17386 -4.26393 0.5 0.277778 0
4.30433 -4.24763 0.5 0.333333 0
4.4348 -4.48697 0.5 0.388889 0
4.56527 -4.64582 0.5 0.444444 0
4.69574 -4.70122 0.5 0.5 0

0 -4.51341 0 0.5 0
0.0619462 -4.54859 0 0.5 0.0555556
0.123892 -4.63248 0 0.5 0.111111
0.185839 -4.7312 0 0.5 0.166667
0.247785 -4.82268 0 0.5 0.222222
0.309731 -4.89616 0 0.5 0.277778
0.371677 -4.94949 0 0.5 0.333333
0.433623 -4.98572 0 0.5 0.388889
0.619462 -4.95792 0 0.444444 0.444444
0.681408 -4.80157 0 0.388889 0.388889
0.743354 -4.75761 0 0.333333 0.333333
0.8053 -4.40365 0 0.277778 0.277778
0.867247 -3.92088 0 0.222222 0.222222
0.929193 -3.78778 0 0.166667 0.166667
0.991139 -3.57645 0 0.111111 0.111111
1.05309 -3.24022 0 0.0555556 0.0555556
1.11503 -3.18859 0 0 0
1.2455 -3.25665 0.0555556 0.0555556 0.0555556
1.37597 -3.62461 0.111111 0.111111 0.111111
1.50644 -3.76971 0.166667 0.166667 0.166667
1.6369 -4.01477 0.222222 0.222222 0.222222
1.76737 -4.53691 0.277778 0.277778 0.277778
1.89784 -4.64643 0.333333 0.333333 0.333333
2.02831 -4.86737 0.388889 0.388889 0.388889
2.15878 -4.97483 0.444444 0.444444 0.444444
2.28925 -4.99465 0.5 0.5 0.5
2.42616 -4.96608 0.5 0.444444 0.444444
2.56308 -4.88383 0.5 0.388889 0.388889
2.7 -4.62797 0.5 0.333333 0.333333
2.83692 -4.36304 0.5 0.277778 0.277778
2.97384 -4.17796 0.5 0.222222 0.222222
3.11076 -3.89352 0.5 0.166667 0.166667
3.24768 -3.70563 0.5 0.111111 0.111111
3.3846 -3.55598 0.5 0.0555556 0.0555556
3.52152 -3.4708 0.5 0 0
3.65199 -3.56898 0.5 0.0555556 0
3.78246 -3.73942 0.5 0.111111 0
3.91293 -3.86603 0.5 0.166667 0
4.0434 -4.02339 0.5 0.222222 0
4.17386 -4.26393 0.5 0.277778 0
4.30433 -4.24763 0.5 0.333333 0
4.4348 -4.48697 0.5 0.388889 0
4.56527 -4.64582 0.5 0.444444 0
4.69574 -4.70122 0.5 0.5 0

0 -4.15209 0 0.5 0
0.0619462 -4.17417 0 0.5 0.0555556
0.123892 -4.22873 0 0.5 0.111111
0.185839 -4.29826 0 0.5 0.166667
0.247785 -4.36692 0 0.5 0.222222
0.309731 -4.41449 0 0.5 0.277778
0.371677 -4.41863 0 0.5 0.333333
0.433623 -4.37521 0 0.5 0.388889
0.49557 -4.31808 0 0.5 0.444444
0.557516 -4.29353 0 0.5 0.5
0.619462 -4.4357 0 0.444444 0.444444
0.681408 -4.61037 0 0.388889 0.388889
0.743354 -4.42041 0 0.333333 0.333333
0.8053 -4.12437 0 0.277778 0.277778
0.867247 -3.90183 0 0.222222 0.222222
0.929193 -3.60197 0 0.166667 0.166667
0.991139 -3.38905 0 0.111111 0.111111
1.05309 -3.17734 0 0.0555556 0.0555556
1.11503 -3.01382 0 0 0
1.2455 -3.24642 0.0555556 0.0555556 0.0555556
1.37597 -3.42065 0.111111 0.111111 0.111111
1.50644 -3.64546 0.166667 0.166667 0.166667
1.6369 -3.88744 0.222222 0.222222 0.222222
1.76737 -4.11165 0.277778 0.277778 0.277778
1.89784 -4.35439 0.333333 0.333333 0.333333
2.02831 -4.51798 0.388889 0.388889 0.388889
2.15878 -4.47613 0.444444 0.444444 0.444444
2.28925 -4.35721 0.5 0.5 0.5
2.42616 -4.48532 0.5 0.444444 0.444444
2.56308 -4.54826 0.5 0.388889 0.388889
2.7 -4.40854 0.5 0.333333 0.333333
2.83692 -4.12129 0.5 0.277778 0.277778
2.97384 -3.97509 0.5 0.222222 0.222222
3.11076 -3.65169 0.5 0.166667 0.166667
3.24768 -3.39958 0.5 0.111111 0.111111
3.3846 -3.37514 0.5 0.0555556 0.0555556
3.52152 -3.31137 0.5 0 0
3.65199 -3.33867 0.5 0.0555556 0
3.78246 -3.40027 0.5 0.111111 0
3.91293 -3.56535 0.5 0.166667 0
4.0434 -3.89859 0.5 0.222222 0
4.17386 -3.94722 0.5 0.277778 0
4.30433 -4.2299 0.5 0.333333 0
4.4348 -4.16087 0.5 0.388889 0
4.56527 -4.14722 0.5 0.444444 0
4.69574 -4.14306 0.5 0.5 0

0 -4.15209 0 0.5 0
0.0619462 -4.17417 0 0.5 0.0555556
0.123892 -4.22873 0 0.5 0.111111
0.185839 -4.29826 0 0.5 0.166667
0.247785 -4.36692 0 0.5 0.222222
0.309731 -4.41449 0 0.5 0.277778
0.371677 -4.41863 0 0.5 0.333333
0.433623 -4.37521 0 0.5 0.388889
0.49557 -4.31808 0 0.5 0.444444
0.557516 -4.29353 0 0.5 0.5
0.619462 -4.35472 0 0.444444 0.444444
0.681408 -4.52908 0 0.388889 0.388889
0.743354 -4.40412 0 0.333333 0.333333
0.8053 -4.07278 0 0.277778 0.277778
0.867247 -3.73527 0 0.222222 0.222222
0.929193 -3.44827 0 0.166667 0.166667
0.991139 -3.2106 0 0.111111 0.111111
1.05309 -2.98264 0 0.0555556 0.0555556
1.11503 -2.9785 0 0 0
1.2455 -2.96363 0.0555556 0.0555556 0.0555556
1.37597 -3.07315 0.111111 0.111111 0.111111
1.50644 -3.39512 0.166667 0.166667 0.166667
1.6369 -3.84918 0.222222 0.222222 0.222222
1.76737 -4.10737 0.277778 0.277778 0.277778
1.89784 -4.3483 0.333333 0.333333 0.333333
2.02831 -4.42151 0.388889 0.388889 0.388889
2.15878 -4.3916 0.444444 0.444444 0.444444
2.28925 -4.35721 0.5 0.5 0.5
2.42616 -4.39482 0.5 0.444444 0.444444
2.56308 -4.45736 0.5 0.388889 0.388889
2.7 -4.34086 0.5 0.333333 0.333333
2.83692 -4.06177 0.5 0.277778 0.277778
2.97384 -3.71956 0.5 0.222222 0.222222
3.11076 -3.44343 0.5 0.166667 0.166667
3.24768 -3.26057 0.5 0.111111 0.111111
3.3846 -3.27013 0.5 0.0555556 0.0555556
3.52152 -3.31137 0.5 0 0
3.65199 -3.33867 0.5 0.0555556 0
3.78246 -3.40027 0.5 0.111111 0
3.91293 -3.56535 0.5 0.166667 0
4.0434 -3.89859 0.5 0.222222 0
4.17386 -3.94722 0.5 0.277778 0
4.30433 -4.2299 0.5 0.333333 0
4.4348 -4.16087 0.5 0.388889 0
4.56527 -4.14722 0.5 0.444444 0
4.69574 -4.14306 0.5 0.5 0

0 -4.07463 0 0.5 0
0.0619462 -4.0668 0 0.5 0.0555556
0.123892 -4.05724 0 0.5 0.111111
0.185839 -4.05813 0 0.5 0.166667
0.247785 -4.06502 0 0.5 0.222222
0.309731 -4.06868 0 0.5 0.277778
0.371677 -4.05985 0 0.5 0.333333
0.433623 -4.02726 0 0.5 0.388889
0.49557 -3.95671 0 0.5 0.444444
0.557516 -3.88586 0 0.5 0.5
0.619462 -3.99429 0 0.444444 0.444444
0.681408 -3.97087 0 0.388889 0.388889
0.743354 -3.83819 0 0.333333 0.333333
0.8053 -3.70013 0 0.277778 0.277778
0.867247 -3.56366 0 0.222222 0.222222
0.929193 -3.38525 0 0.166667 0.166667
0.991139 -3.07779 0 0.111111 0.111111
1.05309 -2.94795 0 0.0555556 0.0555556
1.11503 -2.84432 0 0 0
1.2455 -2.89663 0.0555556 0.0555556 0.0555556
1.37597 -3.05093 0.111111 0.111111 0.111111
1.50644 -3.29001 0.166667 0.166667 0.166667
1.6369 -3.5724 0.222222 0.222222 0.222222
1.76737 -3.8161 0.277778 0.277778 0.277778
1.89784 -3.98061 0.333333 0.333333 0.333333
2.02831 -3.9479 0.388889 0.388889 0.388889
2.15878 -4.01945 0.444444 0.444444 0.444444
2.28925 -4.08606 0.5 0.5 0.5
2.42616 -4.0457 0.5 0.444444 0.444444
2.56308 -3.94672 0.5 0.388889 0.388889
2.7 -4.01767 0.5 0.333333 0.333333
2.83692 -3.93318 0.5 0.277778 0.277778
2.97384 -3.63323 0.5 0.222222 0.222222
3.11076 -3.36818 0.5 0.166667 0.166667
3.24768 -3.10133 0.5 0.111111 0.111111
3.3846 -2.78727 0.5 0.0555556 0.0555556
3.52152 -2.63974 0.5 0 0
3.65199 -2.67309 0.5 0.0555556 0
3.78246 -2.91062 0.5 0.111111 0
3.91293 -3.25998 0.5 0.166667 0
4.0434 -3.61233 0.5 0.222222 0
4.17386 -3.90731 0.5 0.277778 0
4.30433 -3.93869 0.5 0.333333 0
4.4348 -3.98625 0.5 0.388889 0
4.56527 -3.91389 0.5 0.444444 0
4.69574 -3.85639 0.5 0.5 0

0 -4.07463 0 0.5 0
0.0619462 -4.0668 0 0.5 0.0555556
0.123892 -4.05724 0 0.5 0.111111
0.185839 -4.05813 0 0.5 0.166667
0.247785 -4.06502 0 0.5 0.222222
0.309731 -4.06868 0 0.5 0.277778
0.371677 -4.05985 0 0.5 0.333333
0.433623 -4.02726 0 0.5 0.388889
0.49557 -3.95671 0 0.5 0.444444
0.557516 -3.88586 0 0.5 0.5
0.619462 -3.92395 0 0.444444 0.444444
0.681408 -3.84858 0 0.388889 0.388889
0.743354 -3.70383 0 0.333333 0.333333
0.8053 -3.56318 0 0.277778 0.277778
0.867247 -3.47033 0 0.222222 0.222222
0.929193 -3.20076 0 0.166667 0.166667
0.991139 -2.92461 0 0.111111 0.111111
1.05309 -2.80352 0 0.0555556 0.0555556
1.11503 -2.76377 0 0 0
1.2455 -2.81551 0.0555556 0.0555556 0.0555556
1.37597 -2.96717 0.111111 0.111111 0.111111
1.50644 -3.23076 0.166667 0.166667 0.166667
1.6369 -3.49299 0.222222 0.222222 0.222222
1.76737 -3.75456 0.277778 0.277778 0.277778
1.89784 -3.92213 0.333333 0.333333 0.333333
2.02831 -3.90907 0.388889 0.388889 0.388889
2.15878 -3.95442 0.444444 0.444444 0.444444
2.28925 -4.08606 0.5 0.5 0.5
2.42616 -3.97369 0.5 0.444444 0.444444
2.56308 -3.91049 0.5 0.388889 0.388889
2.7 -3.90536 0.5 0.333333 0.333333
2.83692 -3.8496 0.5 0.277778 0.277778
2.97384 -3.57427 0.5 0.222222 0.222222
3.11076 -3.27485 0.5 0.166667 0.166667
3.24768 -2.91522 0.5 0.111111 0.111111
3.3846 -2.67251 0.5 0.0555556 0.0555556
3.52152 -2.63974 0.5 0 0
3.65199 -2.67309 0.5 0.0555556 0
3.78246 -2.91062 0.5 0.111111 0
3.91293 -3.25998 0.5 0.166667 0
4.0434 -3.61233 0.5 0.222222 0
4.17386 -3.90731 0.5 0.277778 0
4.30433 -3.93869 0.5 0.333333 0
4.4348 -3.98625 0.5 0.388889 0
4.56527 -3.91389 0.5 0.444444 0
4.69574 -3.85639 0.5 0.5 0

0 -3.90775 0 0.5 0
0.0619462 -3.88585 0 0.5 0.0555556
0.123892 -3.83257 0 0.5 0.111111
0.185839 -3.76645 0 0.5 0.166667
0.247785 -3.6991 0 0.5 0.222222
0.309731 -3.63864 0 0.5 0.277778
0.371677 -3.59452 0 0.5 0.333333
0.433623 -3.58418 0 0.5 0.388889
0.49557 -3.64304 0 0.5 0.444444
0.557516 -3.72273 0 0.5 0.5
0.619462 -3.70115 0 0.444444 0.444444
0.681408 -3.60306 0 0.388889 0.388889
0.743354 -3.58466 0 0.333333 0.333333
0.8053 -3.49625 0 0.277778 0.277778
0.867247 -3.45362 0 0.222222 0.222222
0.929193 -3.1015 0 0.166667 0.166667
0.991139 -2.89978 0 0.111111 0.111111
1.05309 -2.78882 0 0.0555556 0.0555556
1.11503 -2.64877 0 0 0
1.2455 -2.74896 0.0555556 0.0555556 0.0555556
1.37597 -2.89361 0.111111 0.111111 0.111111
1.50644 -3.15987 0.166667 0.166667 0.166667
1.6369 -3.37204 0.222222 0.222222 0.222222
1.76737 -3.58159 0.277778 0.277778 0.277778
1.89784 -3.67529 0.333333 0.333333 0.333333
2.02831 -3.74279 0.388889 0.388889 0.388889
2.15878 -3.61556 0.444444 0.444444 0.444444
2.28925 -3.35953 0.5 0.5 0.5
2.42616 -3.58356 0.5 0.444444 0.444444
2.56308 -3.78184 0.5 0.388889 0.388889
2.7 -3.73625 0.5 0.333333 0.333333
2.83692 -3.65746 0.5 0.277778 0.277778
2.97384 -3.4826 0.5 0.222222 0.222222
3.11076 -3.1573 0.5 0.166667 0.166667
3.24768 -2.8941 0.5 0.111111 0.111111
3.3846 -2.65803 0.5 0.0555556 0.0555556
3.52152 -2.61657 0.5 0 0
3.65199 -2.65981 0.5 0.0555556 0
3.78246 -2.75017 0.5 0.111111 0
3.91293 -3.0716 0.5 0.166667 0
4.0434 -3.23686 0.5 0.222222 0
4.17386 -3.32158 0.5 0.277778 0
4.30433 -3.41691 0.5 0.333333 0
4.4348 -3.46811 0.5 0.388889 0
4.56527 -3.58751 0.5 0.444444 0
4.69574 -3.65587 0.5 0.5 0

0 -3.90775 0 0.5 0
0.0619462 -3.88585 0 0.5 0.0555556
0.123892 -3.83257 0 0.5 0.111111
0.185839 -3.76645 0 0.5 0.166667
0.247785 -3.6991 0 0.5 0.222222
0.309731 -3.63864 0 0.5 0.277778
0.371677 -3.59452 0 0.5 0.333333
0.433623 -3.58418 0 0.5 0.388889
0.49557 -3.64304 0 0.5 0.444444
0.557516 -3.72273 0 0.5 0.5
0.619462 -3.55156 0 0.444444 0.444444
0.681408 -3.59764 0 0.388889 0.388889
0.743354 -3.5141 0 0.333333 0.333333
0.8053 -3.4851 0 0.277778 0.277778
0.867247 -3.27392 0 0.222222 0.222222
0.929193 -3.02872 0 0.166667 0.166667
0.991139 -2.83405 0 0.111111 0.111111
1.05309 -2.62884 0 0.0555556 0.0555556
1.11503 -2.59874 0 0 0
1.2455 -2.62955 0.0555556 0.0555556 0.0555556
1.37597 -2.78039 0.111111 0.111111 0.111111
1.50644 -3.12718 0.166667 0.166667 0.166667
1.6369 -3.29838 0.222222 0.222222 0.222222
1.76737 -3.23411 0.277778 0.277778 0.277778
1.89784 -3.48385 0.333333 0.333333 0.333333
2.02831 -3.63199 0.388889 0.388889 0.388889
2.15878 -3.43755 0.444444 0.444444 0.444444
2.28925 -3.35953 0.5 0.5 0.5
2.42616 -3.38913 0.5 0.444444 0.444444
2.56308 -3.52016 0.5 0.388889 0.388889
2.7 -3.44084 0.5 0.333333 0.333333
2.83692 -3.19828 0.5 0.277778 0.277778
2.97384 -3.08135 0.5 0.222222 0.222222
3.11076 -2.98725 0.5 0.166667 0.166667
3.24768 -2.68337 0.5 0.111111 0.111111
3.3846 -2.61568 0.5 0.0555556 0.0555556
3.52152 -2.61657 0.5 0 0
3.65199 -2.65981 0.5 0.0555556 0
3.78246 -2.75017 0.5 0.111111 0
3.91293 -3.0716 0.5 0.166667 0
4.0434 -3.23686 0.5 0.222222 0
4.17386 -3.32158 0.5 0.277778 0
4.30433 -3.41691 0.5 0.333333 0
4.4348 -3.46811 0.5 0.388889 0
4.56527 -3.58751 0.5 0.444444 0
4.69574 -3.65587 0.5 0.5 0

0 -3.32939 0 0.5 0
0.0619462 -3.31573 0 0.5 0.0555556
0.123892 -3.2776 0 0.5 0.111111
0.185839 -3.226 0 0.5 0.166667
0.247785 -3.17958 0 0.5 0.222222
0.309731 -3.16193 0 0.5 0.277778
0.371677 -3.20154 0 0.5 0.333333
0.433623 -3.30272 0 0.5 0.388889
0.49557 -3.39314 0 0.5 0.444444
0.557516 -3.41816 0 0.5 0.5
0.619462 -3.4467 0 0.444444 0.444444
0.681408 -3.20055 0 0.388889 0.388889
0.743354 -3.305 0 0.333333 0.333333
0.8053 -3.30295 0 0.277778 0.277778
0.867247 -3.12657 0 0.222222 0.222222
0.929193 -2.93502 0 0.166667 0.166667
0.991139 -2.72866 0 0.111111 0.111111
1.05309 -2.61863 0 0.0555556 0.0555556
1.11503 -2.53625 0 0 0
1.2455 -2.60379 0.0555556 0.0555556 0.0555556
1.37597 -2.75792 0.111111 0.111111 0.111111
1.50644 -2.84416 0.166667 0.166667 0.166667
1.6369 -3.01356 0.222222 0.222222 0.222222
1.76737 -3.08347 0.277778 0.277778 0.277778
1.89784 -3.07081 0.333333 0.333333 0.333333
2.02831 -3.23291 0.388889 0.388889 0.388889
2.15878 -3.32227 0.444444 0.444444 0.444444
2.28925 -3.20485 0.5 0.5 0.5
2.42616 -3.33148 0.5 0.444444 0.444444
2.56308 -3.29973 0.5 0.388889 0.388889
2.7 -3.15609 0.5 0.333333 0.333333
2.83692 -3.05018 0.5 0.277778 0.277778
2.97384 -3.04476 0.5 0.222222 0.222222
3.11076 -2.9622 0.5 0.166667 0.166667
3.24768 -2.67629 0.5 0.111111 0.111111
3.3846 -2.38151 0.5 0.0555556 0.0555556
3.52152 -2.40678 0.5 0 0
3.65199 -2.33805 0.5 0.0555556 0
3.78246 -2.52149 0.5 0.111111 0
3.91293 -2.63931 0.5 0.166667 0
4.0434 -2.73815 0.5 0.222222 0
4.17386 -2.86938 0.5 0.277778 0
4.30433 -3.11291 0.5 0.333333 0
4.4348 -3.37197 0.5 0.388889 0
4.56527 -3.51519 0.5 0.444444 0
4.69574 -3.56821 0.5 0.5 0

0 -3.32939 0 0.5 0
0.0619462 -3.31573 0 0.5 0.0555556
0.123892 -3.2776 0 0.5 0.111111
0.185839 -3.226 0 0.5 0.166667
0.247785 -3.17958 0 0.5 0.222222
0.309731 -3.16193 0 0.5 0.277778
0.371677 -3.20154 0 0.5 0.333333
0.433623 -3.30272 0 0.5 0.388889
0.49557 -3.39314 0 0.5 0.444444
0.557516 -3.41816 0 0.5 0.5
0.619462 -3.21323 0 0.444444 0.444444
0.681408 -3.18362 0 0.388889 0.388889
0.743354 -3.05855 0 0.333333 0.333333
0.8053 -2.94931 0 0.277778 0.277778
0.867247 -2.6918 0 0.222222 0.222222
0.929193 -2.5466 0 0.166667 0.166667
0.991139 -2.56636 0 0.111111 0.111111
1.05309 -2.54897 0 0.0555556 0.0555556
1.11503 -2.47509 0 0 0
1.2455 -2.52564 0.0555556 0.0555556 0.0555556
1.37597 -2.50622 0.111111 0.111111 0.111111
1.50644 -2.6703 0.166667 0.166667 0.166667
1.6369 -2.8194 0.222222 0.222222 0.222222
1.76737 -2.88646 0.277778 0.277778 0.277778
1.89784 -2.92051 0.333333 0.333333 0.333333
2.02831 -3.00819 0.388889 0.388889 0.388889
2.15878 -3.08632 0.444444 0.444444 0.444444
2.28925 -3.20485 0.5 0.5 0.5
2.42616 -3.13812 0.5 0.444444 0.444444
2.56308 -3.10274 0.5 0.388889 0.388889
2.7 -3.06509 0.5 0.333333 0.333333
2.83692 -2.96282 0.5 0.277778 0.277778
2.97384 -2.91781 0.5 0.222222 0.222222
3.11076 -2.72947 0.5 0.166667 0.166667
3.24768 -2.53473 0.5 0.111111 0.111111
3.3846 -2.3211 0.5 0.0555556 0.0555556
3.52152 -2.40678 0.5 0 0
3.65199 -2.33805 0.5 0.0555556 0
3.78246 -2.52149 0.5 0.111111 0
3.91293 -2.63931 0.5 0.166667 0
4.0434 -2.73815 0.5 0.222222 0
4.17386 -2.86938 0.5 0.277778 0
4.30433 -3.11291 0.5 0.333333 0
4.4348 -3.37197 0.5 0.388889 0
4.56527 -3.51519 0.5 0.444444 0
4.69574 -3.56821 0.5 0.5 0

0 -2.90429 0 0.5 0
0.0619462 -2.88762 0 0.5 0.0555556
0.123892 -2.84185 0 0.5 0.111111
0.185839 -2.77906 0 0.5 0.166667
0.247785 -2.72289 0 0.5 0.222222
0.309731 -2.71333 0 0.5 0.277778
0.371677 -2.75758 0 0.5 0.333333
0.433623 -2.7978 0 0.5 0.388889
0.49557 -2.8143 0 0.5 0.444444
0.557516 -2.81804 0 0.5 0.5
0.619462 -2.87441 0 0.444444 0.444444
0.681408 -2.93277 0 0.388889 0.388889
0.743354 -2.83862 0 0.333333 0.333333
0.8053 -2.66652 0 0.277778 0.277778
0.867247 -2.57396 0 0.222222 0.222222
0.929193 -2.45722 0 0.166667 0.166667
0.991139 -2.26033 0 0.111111 0.111111
1.05309 -2.23402 0 0.0555556 0.0555556
1.11503 -2.24483 0 0 0
1.2455 -2.24912 0.0555556 0.0555556 0.0555556
1.37597 -2.29985 0.111111 0.111111 0.111111
1.50644 -2.43612 0.166667 0.166667 0.166667
1.6369 -2.59486 0.222222 0.222222 0.222222
1.76737 -2.80809 0.277778 0.277778 0.277778
1.89784 -2.80443 0.333333 0.333333 0.333333
2.02831 -2.91093 0.388889 0.388889 0.388889
2.15878 -3.03398 0.444444 0.444444 0.444444
2.28925 -3.07756 0.5 0.5 0.5
2.42616 -2.97588 0.5 0.444444 0.444444
2.56308 -2.81283 0.5 0.388889 0.388889
2.7 -2.69515 0.5 0.333333 0.333333
2.83692 -2.76933 0.5 0.277778 0.277778
2.97384 -2.55104 0.5 0.222222 0.222222
3.11076 -2.37265 0.5 0.166667 0.166667
3.24768 -2.27855 0.5 0.111111 0.111111
3.3846 -2.22016 0.5 0.0555556 0.0555556
3.52152 -2.10365 0.5 0 0
3.65199 -2.18605 0.5 0.0555556 0
3.78246 -2.19293 0.5 0.111111 0
3.91293 -2.30618 0.5 0.166667 0
4.0434 -2.49371 0.5 0.222222 0
4.17386 -2.79732 0.5 0.277778 0
4.30433 -2.81818 0.5 0.333333 0
4.4348 -2.69778 0.5 0.388889 0
4.56527 -2.71403 0.5 0.444444 0
4.69574 -2.74326 0.5 0.5 0

0 -2.90429 0 0.5 0
0.0619462 -2.88762 0 0.5 0.0555556
0.123892 -2.84185 0 0.5 0.111111
0.185839 -2.77906 0 0.5 0.166667
0.247785 -2.72289 0 0.5 0.222222
0.309731 -2.71333 0 0.5 0.277778
0.371677 -2.75758 0 0.5 0.333333
0.433623 -2.7978 0 0.5 0.388889
0.49557 -2.8143 0 0.5 0.444444
0.557516 -2.81804 0 0.5 0.5
0.619462 -2.87239 0 0.444444 0.444444
0.681408 -2.78524 0 0.388889 0.388889
0.743354 -2.77292 0 0.333333 0.333333
0.8053 -2.66188 0 0.277778 0.277778
0.867247 -2.49303 0 0.222222 0.222222
0.929193 -2.28513 0 0.166667 0.166667
0.991139 -2.1026 0 0.111111 0.111111
1.05309 -2.04632 0 0.0555556 0.0555556
1.11503 -2.04818 0 0 0
1.2455 -2.05523 0.0555556 0.0555556 0.0555556
1.37597 -2.19335 0.111111 0.111111 0.111111
1.50644 -2.28751 0.166667 0.166667 0.166667
1.6369 -2.49818 0.222222 0.222222 0.222222
1.76737 -2.70247 0.277778 0.277778 0.277778
1.89784 -2.7616 0.333333 0.333333 0.333333
2.02831 -2.78556 0.388889 0.388889 0.388889
2.15878 -2.94726 0.444444 0.444444 0.444444
2.28925 -3.07756 0.5 0.5 0.5
2.42616 -2.95477 0.5 0.444444 0.444444
2.56308 -2.76854 0.5 0.388889 0.388889
2.7 -2.68811 0.5 0.333333 0.333333
2.83692 -2.61314 0.5 0.277778 0.277778
2.97384 -2.5033 0.5 0.222222 0.222222
3.11076 -2.3673 0.5 0.166667 0.166667
3.24768 -2.26737 0.5 0.111111 0.111111
3.3846 -2.20164 0.5 0.0555556 0.0555556
3.52152 -2.10365 0.5 0 0
3.65199 -2.18605 0.5 0.0555556 0
3.78246 -2.19293 0.5 0.111111 0
3.91293 -2.30618 0.5 0.166667 0
4.0434 -2.49371 0.5 0.222222 0
4.17386 -2.79732 0.5 0.277778 0
4.30433 -2.81818 0.5 0.333333 0
4.4348 -2.69778 0.5 0.388889 0
4.56527 -2.71403 0.5 0.444444 0
4.69574 -2.74326 0.5 0.5 0

0 -2.30098 0 0.5 0
0.0619462 -2.31061 0 0.5 0.0555556
0.123892 -2.33785 0 0.5 0.111111
0.185839 -2.38132 0 0.5 0.166667
0.247785 -2.44289 0 0.5 0.222222
0.309731 -2.52288 0 0.5 0.277778
0.371677 -2.61378 0 0.5 0.333333
0.433623 -2.69746 0 0.5 0.388889
0.49557 -2.75452 0 0.5 0.444444
0.557516 -2.77456 0 0.5 0.5
0.619462 -2.74859 0 0.444444 0.444444
0.681408 -2.71153 0 0.388889 0.388889
0.743354 -2.67702 0 0.333333 0.333333
0.8053 -2.62311 0 0.277778 0.277778
0.867247 -2.44264 0 0.222222 0.222222
0.929193 -2.19947 0 0.166667 0.166667
0.991139 -1.9912 0 0.111111 0.111111
1.05309 -1.89717 0 0.0555556 0.0555556
1.11503 -2.03186 0 0 0
1.2455 -1.94416 0.0555556 0.0555556 0.0555556
1.37597 -2.01809 0.111111 0.111111 0.111111
1.50644 -2.23617 0.166667 0.166667 0.166667
1.6369 -2.47285 0.222222 0.222222 0.222222
1.76737 -2.6179 0.277778 0.277778 0.277778
1.89784 -2.74453 0.333333 0.333333 0.333333
2.02831 -2.75786 0.388889 0.388889 0.388889
2.15878 -2.8566 0.444444 0.444444 0.444444
2.28925 -2.94798 0.5 0.5 0.5
2.42616 -2.87033 0.5 0.444444 0.444444
2.56308 -2.74408 0.5 0.388889 0.388889
2.7 -2.62745 0.5 0.333333 0.333333
2.83692 -2.50075 0.5 0.277778 0.277778
2.97384 -2.35203 0.5 0.222222 0.222222
3.11076 -2.14477 0.5 0.166667 0.166667
3.24768 -2.09493 0.5 0.111111 0.111111
3.3846 -2.04881 0.5 0.0555556 0.0555556
3.52152 -1.86155 0.5 0 0
3.65199 -2.0239 0.5 0.0555556 0
3.78246 -2.09469 0.5 0.111111 0
3.91293 -2.11654 0.5 0.166667 0
4.0434 -2.42794 0.5 0.222222 0
4.17386 -2.5008 0.5 0.277778 0
4.30433 -2.56517 0.5 0.333333 0
4.4348 -2.64186 0.5 0.388889 0
4.56527 -2.53717 0.5 0.444444 0
4.69574 -2.44461 0.5 0.5 0

0 -2.30098 0 0.5 0
0.0619462 -2.31061 0 0.5 0.0555556
0.123892 -2.33785 0 0.5 0.111111
0.185839 -2.38132 0 0.5 0.166667
0.247785 -2.44289 0 0.5 0.222222
0.309731 -2.52288 0 0.5 0.277778
0.371677 -2.61378 0 0.5 0.333333
0.433623 -2.69746 0 0.5 0.388889
0.49557 -2.75452 0 0.5 0.444444
0.557516 -2.77456 0 0.5 0.5
0.619462 -2.72642 0 0.444444 0.444444
0.681408 -2.71049 0 0.388889 0.388889
0.743354 -2.53961 0 0.333333 0.333333
0.8053 -2.36983 0 0.277778 0.277778
0.867247 -2.20293 0 0.222222 0.222222
0.929193 -2.03701 0 0.166667 0.166667
0.991139 -1.96165 0 0.111111 0.111111
1.05309 -1.85498 0 0.0555556 0.0555556
1.11503 -1.84828 0 0 0
1.2455 -1.85073 0.0555556 0.0555556 0.0555556
1.37597 -1.88283 0.111111 0.111111 0.111111
1.50644 -1.96363 0.166667 0.166667 0.166667
1.6369 -2.19373 0.222222 0.222222 0.222222
1.76737 -2.39624 0.277778 0.277778 0.277778
1.89784 -2.5296 0.333333 0.333333 0.333333
2.02831 -2.60546 0.388889 0.388889 0.388889
2.15878 -2.79707 0.444444 0.444444 0.444444
2.28925 -2.94798 0.5 0.5 0.5
2.42616 -2.825 0.5 0.444444 0.444444
2.56308 -2.64658 0.5 0.388889 0.388889
2.7 -2.50784 0.5 0.333333 0.333333
2.83692 -2.40603 0.5 0.277778 0.277778
2.97384 -2.23724 0.5 0.222222 0.222222
3.11076 -2.1263 0.5 0.166667 0.166667
3.24768 -1.9498 0.5 0.111111 0.111111
3.3846 -1.9557 0.5 0.0555556 0.0555556
3.52152 -1.86155 0.5 0 0
3.65199 -2.0239 0.5 0.0555556 0
3.78246 -2.09469 0.5 0.111111 0
3.91293 -2.11654 0.5 0.166667 0
4.0434 -2.42794 0.5 0.222222 0
4.17386 -2.5008 0.5 0.277778 0
4.30433 -2.56517 0.5 0.333333 0
4.4348 -2.64186 0.5 0.388889 0
4.56527 -2.53717 0.5 0.444444 0
4.69574 -2.44461 0.5 0.5 0

0 -2.01903 0 0.5 0
0.0619462 -2.01429 0 0.5 0.0555556
0.123892 -2.00412 0 0.5 0.111111
0.185839 -2.0013 0 0.5 0.166667
0.247785 -2.09334 0 0.5 0.222222
0.309731 -2.17524 0 0.5 0.277778
0.371677 -2.16497 0 0.5 0.333333
0.433623 -2.09951 0 0.5 0.388889
0.49557 -2.02575 0 0.5 0.444444
0.557516 -1.98464 0 0.5 0.5
0.619462 -2.02107 0 0.444444 0.444444
0.681408 -2.04082 0 0.388889 0.388889
0.743354 -2.08971 0 0.333333 0.333333
0.8053 -2.04209 0 0.277778 0.277778
0.867247 -1.99467 0 0.222222 0.222222
0.929193 -1.98264 0 0.166667 0.166667
0.991139 -1.80428 0 0.111111 0.111111
1.05309 -1.72205 0 0.0555556 0.0555556
1.11503 -1.7999 0 0 0
1.2455 -1.68592 0.0555556 0.0555556 0.0555556
1.37597 -1.87357 0.111111 0.111111 0.111111
1.50644 -1.94782 0.166667 0.166667 0.166667
1.6369 -2.09014 0.222222 0.222222 0.222222
1.76737 -2.16855 0.277778 0.277778 0.277778
1.89784 -2.15129 0.333333 0.333333 0.333333
2.02831 -2.08122 0.388889 0.388889 0.388889
2.15878 -1.97376 0.444444 0.444444 0.444444
2.28925 -1.88899 0.5 0.5 0.5
2.42616 -1.965 0.5 0.444444 0.444444
2.56308 -2.0389 0.5 0.388889 0.388889
2.7 -2.18922 0.5 0.333333 0.333333
2.83692 -2.21584 0.5 0.277778 0.277778
2.97384 -2.19507 0.5 0.222222 0.222222
3.11076 -1.93038 0.5 0.166667 0.166667
3.24768 -1.73538 0.5 0.111111 0.111111
3.3846 -1.5352 0.5 0.0555556 0.0555556
3.52152 -1.51638 0.5 0 0
3.65199 -1.5143 0.5 0.0555556 0
3.78246 -1.74179 0.5 0.111111 0
3.91293 -1.90226 0.5 0.166667 0
4.0434 -1.72792 0.5 0.222222 0
4.17386 -1.68014 0.5 0.277778 0
4.30433 -1.77527 0.5 0.333333 0
4.4348 -1.8571 0.5 0.388889 0
4.56527 -1.93478 0.5 0.444444 0
4.69574 -2.00431 0.5 0.5 0

0 -2.01903 0 0.5 0
0.0619462 -2.01429 0 0.5 0.0555556
0.123892 -2.00412 0 0.5 0.111111
0.185839 -2.0013 0 0.5 0.166667
0.247785 -2.09334 0 0.5 0.222222
0.309731 -2.17524 0 0.5 0.277778
0.371677 -2.16497 0 0.5 0.333333
0.433623 -2.09951 0 0.5 0.388889
0.49557 -2.02575 0 0.5 0.444444
0.557516 -1.98464 0 0.5 0.5
0.619462 -1.97908 0 0.444444 0.444444
0.681408 -2.01531 0 0.388889 0.388889
0.743354 -1.97385 0 0.333333 0.333333
0.8053 -1.93617 0 0.277778 0.277778
0.867247 -1.90887 0 0.222222 0.222222
0.929193 -1.82482 0 0.166667 0.166667
0.991139 -1.73695 0 0.111111 0.111111
1.05309 -1.58507 0 0.0555556 0.0555556
1.11503 -1.61512 0 0 0
1.2455 -1.57389 0.0555556 0.0555556 0.0555556
1.37597 -1.71503 0.111111 0.111111 0.111111
1.50644 -1.91687 0.166667 0.166667 0.166667
1.6369 -1.88507 0.222222 0.222222 0.222222
1.76737 -1.92526 0.277778 0.277778 0.277778
1.89784 -1.97246 0.333333 0.333333 0.333333
2.02831 -1.97974 0.388889 0.388889 0.388889
2.15878 -1.93978 0.444444 0.444444 0.444444
2.28925 -1.88899 0.5 0.5 0.5
2.42616 -1.94599 0.5 0.444444 0.444444
2.56308 -2.02028 0.5 0.388889 0.388889
2.7 -2.0611 0.5 0.333333 0.333333
2.83692 -1.97092 0.5 0.277778 0.277778
2.97384 -1.82306 0.5 0.222222 0.222222
3.11076 -1.71653 0.5 0.166667 0.166667
3.24768 -1.65413 0.5 0.111111 0.111111
3.3846 -1.49923 0.5 0.0555556 0.0555556
3.52152 -1.51638 0.5 0 0
3.65199 -1.5143 0.5 0.0555556 0
3.78246 -1.74179 0.5 0.111111 0
3.91293 -1.90226 0.5 0.166667 0
4.0434 -1.72792 0.5 0.222222 0
4.17386 -1.68014 0.5 0.277778 0
4.30433 -1.77527 0.5 0.333333 0
4.4348 -1.8571 0.5 0.388889 0
4.56527 -1.93478 0.5 0.444444 0
4.69574 -2.00431 0.5 0.5 0

0 -1.58525 0 0.5 0
0.0619462 -1.66026 0 0.5 0.0555556
0.123892 -1.78866 0 0.5 0.111111
0.185839 -1.93013 0 0.5 0.166667
0.247785 -1.97 0 0.5 0.222222
0.309731 -1.95632 0 0.5 0.277778
0.371677 -1.93281 0 0.5 0.333333
0.433623 -1.90951 0 0.5 0.388889
0.49557 -1.90474 0 0.5 0.444444
0.557516 -1.91639 0 0.5 0.5
0.619462 -1.9072 0 0.444444 0.444444
0.681408 -1.82821 0 0.388889 0.388889
0.743354 -1.85774 0 0.333333 0.333333
0.8053 -1.92161 0 0.277778 0.277778
0.867247 -1.90604 0 0.222222 0.222222
0.929193 -1.79894 0 0.166667 0.166667
0.991139 -1.56772 0 0.111111 0.111111
1.05309 -1.56659 0 0.0555556 0.0555556
1.11503 -1.34623 0 0 0
1.2455 -1.57172 0.0555556 0.0555556 0.0555556
1.37597 -1.56826 0.111111 0.111111 0.111111
1.50644 -1.73305 0.166667 0.166667 0.166667
1.6369 -1.73393 0.222222 0.222222 0.222222
1.76737 -1.84855 0.277778 0.277778 0.277778
1.89784 -1.97104 0.333333 0.333333 0.333333
2.02831 -1.97304 0.388889 0.388889 0.388889
2.15878 -1.8353 0.444444 0.444444 0.444444
2.28925 -1.86264 0.5 0.5 0.5
2.42616 -1.82638 0.5 0.444444 0.444444
2.56308 -2.00932 0.5 0.388889 0.388889
2.7 -2.03318 0.5 0.333333 0.333333
2.83692 -1.95577 0.5 0.277778 0.277778
2.97384 -1.80492 0.5 0.222222 0.222222
3.11076 -1.61671 0.5 0.166667 0.166667
3.24768 -1.48479 0.5 0.111111 0.111111
3.3846 -1.3916 0.5 0.0555556 0.0555556
3.52152 -1.25854 0.5 0 0
3.65199 -1.34504 0.5 0.0555556 0
3.78246 -1.40863 0.5 0.111111 0
3.91293 -1.50109 0.5 0.166667 0
4.0434 -1.57806 0.5 0.222222 0
4.17386 -1.58514 0.5 0.277778 0
4.30433 -1.62457 0.5 0.333333 0
4.4348 -1.7304 0.5 0.388889 0
4.56527 -1.84062 0.5 0.444444 0
4.69574 -1.871 0.5 0.5 0

0 -1.58525 0 0.5 0
0.0619462 -1.66026 0 0.5 0.0555556
0.123892 -1.78866 0 0.5 0.111111
0.185839 -1.93013 0 0.5 0.166667
0.247785 -1.97 0 0.5 0.222222
0.309731 -1.95632 0 0.5 0.277778
0.371677 -1.93281 0 0.5 0.333333
0.433623 -1.90951 0 0.5 0.388889
0.49557 -1.90474 0 0.5 0.444444
0.557516 -1.91639 0 0.5 0.5
0.619462 -1.85551 0 0.444444 0.444444
0.681408 -1.82308 0 0.388889 0.388889
0.743354 -1.79083 0 0.333333 0.333333
0.8053 -1.77732 0 0.277778 0.277778
0.867247 -1.73327 0 0.222222 0.222222
0.929193 -1.60484 0 0.166667 0.166667
0.991139 -1.47224 0 0.111111 0.111111
1.05309 -1.31974 0 0.0555556 0.0555556
1.11503 -1.24491 0 0 0
1.2455 -1.31973 0.0555556 0.0555556 0.0555556
1.37597 -1.43655 0.111111 0.111111 0.111111
1.50644 -1.59197 0.166667 0.166667 0.166667
1.6369 -1.73271 0.222222 0.222222 0.222222
1.76737 -1.72125 0.277778 0.277778 0.277778
1.89784 -1.76085 0.333333 0.333333 0.333333
2.02831 -1.80803 0.388889 0.388889 0.388889
2.15878 -1.83013 0.444444 0.444444 0.444444
2.28925 -1.86264 0.5 0.5 0.5
2.42616 -1.82547 0.5 0.444444 0.444444
2.56308 -1.76816 0.5 0.388889 0.388889
2.7 -1.68724 0.5 0.333333 0.333333
2.83692 -1.60999 0.5 0.277778 0.277778
2.97384 -1.56383 0.5 0.222222 0.222222
3.11076 -1.57818 0.5 0.166667 0.166667
3.24768 -1.42894 0.5 0.111111 0.111111
3.3846 -1.30408 0.5 0.0555556 0.0555556
3.52152 -1.25854 0.5 0 0
3.65199 -1.34504 0.5 0.0555556 0
3.78246 -1.40863 0.5 0.111111 0
3.91293 -1.50109 0.5 0.166667 0
4.0434 -1.57806 0.5 0.222222 0
4.17386 -1.58514 0.5 0.277778 0
4.30433 -1.62457 0.5 0.333333 0
4.4348 -1.7304 0.5 0.388889 0
4.56527 -1.84062 0.5 0.444444 0
4.69574 -1.871 0.5 0.5 0

0 -1.51829 0 0.5 0
0.0619462 -1.47933 0 0.5 0.0555556
0.123892 -1.45839 0 0.5 0.111111
0.185839 -1.47619 0 0.5 0.166667
0.247785 -1.51502 0 0.5 0.222222
0.309731 -1.55497 0 0.5 0.277778
0.371677 -1.58637 0 0.5 0.333333
0.433623 -1.60303 0 0.5 0.388889
0.49557 -1.59718 0 0.5 0.444444
0.557516 -1.58398 0 0.5 0.5
0.619462 -1.69666 0 0.444444 0.444444
0.681408 -1.70402 0 0.388889 0.388889
0.743354 -1.65793 0 0.333333 0.333333
0.8053 -1.65335 0 0.277778 0.277778
0.867247 -1.61762 0 0.222222 0.222222
0.929193 -1.52979 0 0.166667 0.166667
0.991139 -1.41655 0 0.111111 0.111111
1.05309 -1.29443 0 0.0555556 0.0555556
1.11503 -1.23421 0 0 0
1.2455 -1.29365 0.0555556 0.0555556 0.0555556
1.37597 -1.39527 0.111111 0.111111 0.111111
1.50644 -1.50833 0.166667 0.166667 0.166667
1.6369 -1.54286 0.222222 0.222222 0.222222
1.76737 -1.58961 0.277778 0.277778 0.277778
1.89784 -1.68663 0.333333 0.333333 0.333333
2.02831 -1.70315 0.388889 0.388889 0.388889
2.15878 -1.68441 0.444444 0.444444 0.444444
2.28925 -1.59165 0.5 0.5 0.5
2.42616 -1.68239 0.5 0.444444 0.444444
2.56308 -1.66643 0.5 0.388889 0.388889
2.7 -1.61509 0.5 0.333333 0.333333
2.83692 -1.56675 0.5 0.277778 0.277778
2.97384 -1.52898 0.5 0.222222 0.222222
3.11076 -1.50042 0.5 0.166667 0.166667
3.24768 -1.41126 0.5 0.111111 0.111111
3.3846 -1.29244 0.5 0.0555556 0.0555556
3.52152 -1.24033 0.5 0 0
3.65199 -1.29131 0.5 0.0555556 0
3.78246 -1.38956 0.5 0.111111 0
3.91293 -1.4503 0.5 0.166667 0
4.0434 -1.50874 0.5 0.222222 0
4.17386 -1.55347 0.5 0.277778 0
4.30433 -1.49276 0.5 0.333333 0
4.4348 -1.42752 0.5 0.388889 0
4.56527 -1.37831 0.5 0.444444 0
4.69574 -1.35831 0.5 0.5 0

0 -1.51829 0 0.5 0
0.0619462 -1.47933 0 0.5 0.0555556
0.123892 -1.45839 0 0.5 0.111111
0.185839 -1.47619 0 0.5 0.166667
0.247785 -1.51502 0 0.5 0.222222
0.309731 -1.55497 0 0.5 0.277778
0.371677 -1.58637 0 0.5 0.333333
0.433623 -1.60303 0 0.5 0.388889
0.49557 -1.59718 0 0.5 0.444444
0.557516 -1.58398 0 0.5 0.5
0.619462 -1.58148 0 0.444444 0.444444
0.681408 -1.64459 0 0.388889 0.388889
0.743354 -1.59263 0 0.333333 0.333333
0.8053 -1.48497 0 0.277778 0.277778
0.867247 -1.42158 0 0.222222 0.222222
0.929193 -1.40994 0 0.166667 0.166667
0.991139 -1.39928 0 0.111111 0.111111
1.05309 -1.27162 0 0.0555556 0.0555556
1.11503 -1.21319 0 0 0
1.2455 -1.27153 0.0555556 0.0555556 0.0555556
1.37597 -1.39348 0.111111 0.111111 0.111111
1.50644 -1.42012 0.166667 0.166667 0.166667
1.6369 -1.48036 0.222222 0.222222 0.222222
1.76737 -1.49779 0.277778 0.277778 0.277778
1.89784 -1.49257 0.333333 0.333333 0.333333
2.02831 -1.55243 0.388889 0.388889 0.388889
2.15878 -1.58839 0.444444 0.444444 0.444444
2.28925 -1.59165 0.5 0.5 0.5
2.42616 -1.59445 0.5 0.444444 0.444444
2.56308 -1.56891 0.5 0.388889 0.388889
2.7 -1.52251 0.5 0.333333 0.333333
2.83692 -1.42041 0.5 0.277778 0.277778
2.97384 -1.40586 0.5 0.222222 0.222222
3.11076 -1.43347 0.5 0.166667 0.166667
3.24768 -1.40038 0.5 0.111111 0.111111
3.3846 -1.29171 0.5 0.0555556 0.0555556
3.52152 -1.24033 0.5 0 0
3.65199 -1.29131 0.5 0.0555556 0
3.78246 -1.38956 0.5 0.111111 0
3.91293 -1.4503 0.5 0.166667 0
4.0434 -1.50874 0.5 0.222222 0
4.17386 -1.55347 0.5 0.277778 0
4.30433 -1.49276 0.5 0.333333 0
4.4348 -1.42752 0.5 0.388889 0
4.56527 -1.37831 0.5 0.444444 0
4.69574 -1.35831 0.5 0.5 0

0 -1.21647 0 0.5 0
0.0619462 -1.22305 0 0.5 0.0555556
0.123892 -1.23482 0 0.5 0.111111
0.185839 -1.23969 0 0.5 0.166667
0.247785 -1.2395 0 0.5 0.222222
0.309731 -1.24111 0 0.5 0.277778
0.371677 -1.24917 0 0.5 0.333333
0.433623 -1.31894 0 0.5 0.388889
0.49557 -1.39691 0 0.5 0.444444
0.557516 -1.43598 0 0.5 0.5
0.619462 -1.45252 0 0.444444 0.444444
0.681408 -1.38619 0 0.388889 0.388889
0.743354 -1.32034 0 0.333333 0.333333
0.8053 -1.24764 0 0.277778 0.277778
0.867247 -1.16869 0 0.222222 0.222222
0.929193 -1.10455 0 0.166667 0.166667
0.991139 -1.21871 0 0.111111 0.111111
1.05309 -1.22712 0 0.0555556 0.0555556
1.11503 -1.19165 0 0 0
1.2455 -1.23131 0.0555556 0.0555556 0.0555556
1.37597 -1.23386 0.111111 0.111111 0.111111
1.50644 -1.11286 0.166667 0.166667 0.166667
1.6369 -1.15487 0.222222 0.222222 0.222222
1.76737 -1.29224 0.277778 0.277778 0.277778
1.89784 -1.45351 0.333333 0.333333 0.333333
2.02831 -1.54119 0.388889 0.388889 0.388889
2.15878 -1.55455 0.444444 0.444444 0.444444
2.28925 -1.53586 0.5 0.5 0.5
2.42616 -1.55433 0.5 0.444444 0.444444
2.56308 -1.52467 0.5 0.388889 0.388889
2.7 -1.43987 0.5 0.333333 0.333333
2.83692 -1.38445 0.5 0.277778 0.277778
2.97384 -1.30365 0.5 0.222222 0.222222
3.11076 -1.21932 0.5 0.166667 0.166667
3.24768 -1.19046 0.5 0.111111 0.111111
3.3846 -1.19424 0.5 0.0555556 0.0555556
3.52152 -1.19516 0.5 0 0
3.65199 -1.17891 0.5 0.0555556 0
3.78246 -1.18985 0.5 0.111111 0
3.91293 -1.22392 0.5 0.166667 0
4.0434 -1.26052 0.5 0.222222 0
4.17386 -1.26114 0.5 0.277778 0
4.30433 -1.21941 0.5 0.333333 0
4.4348 -1.18769 0.5 0.388889 0
4.56527 -1.18523 0.5 0.444444 0
4.69574 -1.18801 0.5 0.5 0

0 -1.21647 0 0.5 0
0.0619462 -1.22305 0 0.5 0.0555556
0.123892 -1.23482 0 0.5 0.111111
0.185839 -1.23969 0 0.5 0.166667
0.247785 -1.2395 0 0.5 0.222222
0.309731 -1.24111 0 0.5 0.277778
0.371677 -1.24917 0 0.5 0.333333
0.433623 -1.31894 0 0.5 0.388889
0.49557 -1.39691 0 0.5 0.444444
0.557516 -1.43598 0 0.5 0.5
0.619462 -1.36012 0 0.444444 0.444444
0.681408 -1.38347 0 0.388889 0.388889
0.743354 -1.29667 0 0.333333 0.333333
0.8053 -1.13976 0 0.277778 0.277778
0.867247 -1.09263 0 0.222222 0.222222
0.929193 -1.09392 0 0.166667 0.166667
0.991139 -1.03988 0 0.111111 0.111111
1.05309 -1.0083 0 0.0555556 0.0555556
1.11503 -0.998887 0 0 0
1.2455 -1.01789 0.0555556 0.0555556 0.0555556
1.37597 -1.0543 0.111111 0.111111 0.111111
1.50644 -1.09805 0.166667 0.166667 0.166667
1.6369 -1.13923 0.222222 0.222222 0.222222
1.76737 -1.22183 0.277778 0.277778 0.277778
1.89784 -1.28405 0.333333 0.333333 0.333333
2.02831 -1.36487 0.388889 0.388889 0.388889
2.15878 -1.47297 0.444444 0.444444 0.444444
2.28925 -1.53586 0.5 0.5 0.5
2.42616 -1.47664 0.5 0.444444 0.444444
2.56308 -1.38917 0.5 0.388889 0.388889
2.7 -1.31366 0.5 0.333333 0.333333
2.83692 -1.2825 0.5 0.277778 0.277778
2.97384 -1.23989 0.5 0.222222 0.222222
3.11076 -1.20209 0.5 0.166667 0.166667
3.24768 -1.18099 0.5 0.111111 0.111111
3.3846 -1.17208 0.5 0.0555556 0.0555556
3.52152 -1.19516 0.5 0 0
3.65199 -1.17891 0.5 0.0555556 0
3.78246 -1.18985 0.5 0.111111 0
3.91293 -1.22392 0.5 0.166667 0
4.0434 -1.26052 0.5 0.222222 0
4.17386 -1.26114 0.5 0.277778 0
4.30433 -1.21941 0.5 0.333333 0
4.4348 -1.18769 0.5 0.388889 0
4.56527 -1.18523 0.5 0.444444 0
4.69574 -1.18801 0.5 0.5 0

0 -0.987343 0 0.5 0
0.0619462 -0.995516 0 0.5 0.0555556
0.123892 -1.01902 0 0.5 0.111111
0.185839 -1.05558 0 0.5 0.166667
0.247785 -1.10349 0 0.5 0.222222
0.309731 -1.16283 0 0.5 0.277778
0.371677 -1.23197 0 0.5 0.333333
0.433623 -1.25106 0 0.5 0.388889
0.49557 -1.25703 0 0.5 0.444444
0.557516 -1.25926 0 0.5 0.5
0.619462 -1.28527 0 0.444444 0.444444
0.681408 -1.21966 0 0.388889 0.388889
0.743354 -1.18535 0 0.333333 0.333333
0.8053 -1.13685 0 0.277778 0.277778
0.867247 -1.02067 0 0.222222 0.222222
0.929193 -0.964611 0 0.166667 0.166667
0.991139 -0.909251 0 0.111111 0.111111
1.05309 -0.859236 0 0.0555556 0.0555556
1.11503 -0.836857 0 0 0
1.2455 -0.853889 0.0555556 0.0555556 0.0555556
1.37597 -0.895005 0.111111 0.111111 0.111111
1.50644 -0.947509 0.166667 0.166667 0.166667
1.6369 -0.994156 0.222222 0.222222 0.222222
1.76737 -1.03086 0.277778 0.277778 0.277778
1.89784 -1.06695 0.333333 0.333333 0.333333
2.02831 -1.09208 0.388889 0.388889 0.388889
2.15878 -1.11074 0.444444 0.444444 0.444444
2.28925 -1.16436 0.5 0.5 0.5
2.42616 -1.112 0.5 0.444444 0.444444
2.56308 -1.1144 0.5 0.388889 0.388889
2.7 -1.08146 0.5 0.333333 0.333333
2.83692 -1.00533 0.5 0.277778 0.277778
2.97384 -0.946963 0.5 0.222222 0.222222
3.11076 -0.922458 0.5 0.166667 0.166667
3.24768 -0.925172 0.5 0.111111 0.111111
3.3846 -0.971786 0.5 0.0555556 0.0555556
3.52152 -0.982408 0.5 0 0
3.65199 -0.91834 0.5 0.0555556 0
3.78246 -0.828326 0.5 0.111111 0
3.91293 -0.794993 0.5 0.166667 0
4.0434 -0.823016 0.5 0.222222 0
4.17386 -0.889196 0.5 0.277778 0
4.30433 -0.953402 0.5 0.333333 0
4.4348 -0.970033 0.5 0.388889 0
4.56527 -0.947929 0.5 0.444444 0
4.69574 -0.934743 0.5 0.5 0

0 -0.987343 0 0.5 0
0.0619462 -0.995516 0 0.5 0.0555556
0.123892 -1.01902 0 0.5 0.111111
0.185839 -1.05558 0 0.5 0.166667
0.247785 -1.10349 0 0.5 0.222222
0.309731 -1.16283 0 0.5 0.277778
0.371677 -1.23197 0 0.5 0.333333
0.433623 -1.25106 0 0.5 0.388889
0.49557 -1.25703 0 0.5 0.444444
0.557516 -1.25926 0 0.5 0.5
0.619462 -1.14184 0 0.444444 0.444444
0.681408 -1.03242 0 0.388889 0.388889
0.743354 -0.950791 0 0.333333 0.333333
0.8053 -0.892696 0 0.277778 0.277778
0.867247 -0.849711 0 0.222222 0.222222
0.929193 -0.809193 0 0.166667 0.166667
0.991139 -0.76042 0 0.111111 0.111111
1.05309 -0.715027 0 0.0555556 0.0555556
1.11503 -0.696164 0 0 0
1.2455 -0.732266 0.0555556 0.0555556 0.0555556
1.37597 -0.795908 0.111111 0.111111 0.111111
1.50644 -0.854699 0.166667 0.166667 0.166667
1.6369 -0.906989 0.222222 0.222222 0.222222
1.76737 -0.96172 0.277778 0.277778 0.277778
1.89784 -1.02806 0.333333 0.333333 0.333333
2.02831 -1.08379 0.388889 0.388889 0.388889
2.15878 -1.10491 0.444444 0.444444 0.444444
2.28925 -1.16436 0.5 0.5 0.5
2.42616 -1.10491 0.5 0.444444 0.444444
2.56308 -1.07014 0.5 0.388889 0.388889
2.7 -1.02374 0.5 0.333333 0.333333
2.83692 -0.96211 0.5 0.277778 0.277778
2.97384 -0.894711 0.5 0.222222 0.222222
3.11076 -0.838112 0.5 0.166667 0.166667
3.24768 -0.819685 0.5 0.111111 0.111111
3.3846 -0.880039 0.5 0.0555556 0.0555556
3.52152 -0.982408 0.5 0 0
3.65199 -0.91834 0.5 0.0555556 0
3.78246 -0.828326 0.5 0.111111 0
3.91293 -0.794993 0.5 0.166667 0
4.0434 -0.823016 0.5 0.222222 0
4.17386 -0.889196 0.5 0.277778 0
4.30433 -0.953402 0.5 0.333333 0
4.4348 -0.970033 0.5 0.388889 0
4.56527 -0.947929 0.5 0.444444 0
4.69574 -0.934743 0.5 0.5 0

0 -0.616974 0 0.5 0
0.0619462 -0.630796 0 0.5 0.0555556
0.123892 -0.670842 0 0.5 0.111111
0.185839 -0.732785 0 0.5 0.166667
0.247785 -0.809343 0 0.5 0.222222
0.309731 -0.890088 0 0.5 0.277778
0.371677 -0.962763 0 0.5 0.333333
0.433623 -1.01765 0 0.5 0.388889
0.49557 -1.05088 0 0.5 0.444444
0.557516 -1.06196 0 0.5 0.5
0.619462 -1.06098 0 0.444444 0.444444
0.681408 -0.922052 0 0.388889 0.388889
0.743354 -0.863714 0 0.333333 0.333333
0.8053 -0.816554 0 0.277778 0.277778
0.867247 -0.757742 0 0.222222 0.222222
0.929193 -0.685751 0 0.166667 0.166667
0.991139 -0.614443 0 0.111111 0.111111
1.05309 -0.648211 0 0.0555556 0.0555556
1.11503 -0.664307 0 0 0
1.2455 -0.647334 0.0555556 0.0555556 0.0555556
1.37597 -0.598436 0.111111 0.111111 0.111111
1.50644 -0.647769 0.166667 0.166667 0.166667
1.6369 -0.698733 0.222222 0.222222 0.222222
1.76737 -0.740293 0.277778 0.277778 0.277778
1.89784 -0.80569 0.333333 0.333333 0.333333
2.02831 -0.931345 0.388889 0.388889 0.388889
2.15878 -1.08034 0.444444 0.444444 0.444444
2.28925 -1.10805 0.5 0.5 0.5
2.42616 -1.09062 0.5 0.444444 0.444444
2.56308 -0.931767 0.5 0.388889 0.388889
2.7 -0.777048 0.5 0.333333 0.333333
2.83692 -0.696834 0.5 0.277778 0.277778
2.97384 -0.645542 0.5 0.222222 0.222222
3.11076 -0.603812 0.5 0.166667 0.166667
3.24768 -0.582346 0.5 0.111111 0.111111
3.3846 -0.584844 0.5 0.0555556 0.0555556
3.52152 -0.585842 0.5 0 0
3.65199 -0.58185 0.5 0.0555556 0
3.78246 -0.573606 0.5 0.111111 0
3.91293 -0.566707 0.5 0.166667 0
4.0434 -0.564514 0.5 0.222222 0
4.17386 -0.56885 0.5 0.277778 0
4.30433 -0.580102 0.5 0.333333 0
4.4348 -0.595906 0.5 0.388889 0
4.56527 -0.610421 0.5 0.444444 0
4.69574 -0.616372 0.5 0.5 0

0 -0.616974 0 0.5 0
0.0619462 -0.630796 0 0.5 0.0555556
0.123892 -0.670842 0 0.5 0.111111
0.185839 -0.732785 0 0.5 0.166667
0.247785 -0.809343 0 0.5 0.222222
0.309731 -0.890088 0 0.5 0.277778
0.371677 -0.962763 0 0.5 0.333333
0.433623 -1.01765 0 0.5 0.388889
0.49557 -1.05088 0 0.5 0.444444
0.557516 -1.06196 0 0.5 0.5
0.619462 -0.996993 0 0.444444 0.444444
0.681408 -0.918686 0 0.388889 0.388889
0.743354 -0.733833 0 0.333333 0.333333
0.8053 -0.597016 0 0.277778 0.277778
0.867247 -0.53555 0 0.222222 0.222222
0.929193 -0.54758 0 0.166667 0.166667
0.991139 -0.601389 0 0.111111 0.111111
1.05309 -0.551329 0 0.0555556 0.0555556
1.11503 -0.518466 0 0 0
1.2455 -0.545171 0.0555556 0.0555556 0.0555556
1.37597 -0.59317 0.111111 0.111111 0.111111
1.50644 -0.553574 0.166667 0.166667 0.166667
1.6369 -0.566026 0.222222 0.222222 0.222222
1.76737 -0.634808 0.277778 0.277778 0.277778
1.89784 -0.748838 0.333333 0.333333 0.333333
2.02831 -0.901952 0.388889 0.388889 0.388889
2.15878 -1.06821 0.444444 0.444444 0.444444
2.28925 -1.10805 0.5 0.5 0.5
2.42616 -1.05525 0.5 0.444444 0.444444
2.56308 -0.900902 0.5 0.388889 0.388889
2.7 -0.776109 0.5 0.333333 0.333333
2.83692 -0.668525 0.5 0.277778 0.277778
2.97384 -0.603739 0.5 0.222222 0.222222
3.11076 -0.568698 0.5 0.166667 0.166667
3.24768 -0.563696 0.5 0.111111 0.111111
3.3846 -0.577017 0.5 0.0555556 0.0555556
3.52152 -0.585842 0.5 0 0
3.65199 -0.58185 0.5 0.0555556 0
3.78246 -0.573606 0.5 0.111111 0
3.91293 -0.566707 0.5 0.166667 0
4.0434 -0.564514 0.5 0.222222 0
4.17386 -0.56885 0.5 0.277778 0
4.30433 -0.580102 0.5 0.333333 0
4.4348 -0.595906 0.5 0.388889 0
4.56527 -0.610421 0.5 0.444444 0
4.69574 -0.616372 0.5 0.5 0

0 5.18904 0 0.5 0
0.0619462 5.20556 0 0.5 0.0555556
0.123892 5.25495 0 0.5 0.111111
0.185839 5.3365 0 0.5 0.166667
0.247785 5.44851 0 0.5 0.222222
0.309731 5.58783 0 0.5 0.277778
0.371677 5.74942 0 0.5 0.333333
0.433623 5.92607 0 0.5 0.388889
0.619462 5.98816 0 0.444444 0.444444
0.681408 5.79014 0 0.388889 0.388889
0.743354 5.60445 0 0.333333 0.333333
0.8053 5.03967 0 0.277778 0.277778
0.867247 4.31135 0 0.222222 0.222222
0.929193 3.53495 0 0.166667 0.166667
0.991139 2.78867 0 0.111111 0.111111
1.05309 2.18856 0 0.0555556 0.0555556
1.11503 1.93896 0 0 0
1.2455 2.21132 0.0555556 0.0555556 0.0555556
1.37597 2.85033 0.111111 0.111111 0.111111
1.50644 3.62721 0.166667 0.166667 0.166667
1.6369 4.42383 0.222222 0.222222 0.222222
1.76737 5.1613 0.277778 0.277778 0.277778
1.89784 5.55948 0.333333 0.333333 0.333333
2.02831 5.6964 0.388889 0.388889 0.388889
2.15878 5.96463 0.444444 0.444444 0.444444
2.42616 5.98297 0.5 0.444444 0.444444
2.56308 5.73574 0.5 0.388889 0.388889
2.7 5.60962 0.5 0.333333 0.333333
2.83692 5.14945 0.5 0.277778 0.277778
2.97384 4.47368 0.5 0.222222 0.222222
3.11076 3.80526 0.5 0.166667 0.166667
3.24768 3.2401 0.5 0.111111 0.111111
3.3846 2.88231 0.5 0.0555556 0.0555556
3.52152 2.80993 0.5 0 0
3.65199 2.92059 0.5 0.0555556 0
3.78246 3.22645 0.5 0.111111 0
3.91293 3.66974 0.5 0.166667 0
4.0434 4.19451 0.5 0.222222 0
4.17386 4.76048 0.5 0.277778 0
4.30433 5.33057 0.5 0.333333 0
4.4348 5.31085 0.5 0.388889 0
4.56527 5.12672 0.5 0.444444 0
4.69574 5.06139 0.5 0.5 0

0 5.18904 0 0.5 0
0.0619462 5.20556 0 0.5 0.0555556
0.123892 5.25495 0 0.5 0.111111
0.185839 5.3365 0 0.5 0.166667
0.247785 5.44851 0 0.5 0.222222
0.309731 5.58783 0 0.5 0.277778
0.371677 5.74942 0 0.5 0.333333
0.433623 5.92608 0 0.5 0.388889
0.743354 5.84863 0 0.333333 0.333333
0.8053 5.64806 0 0.277778 0.277778
0.867247 5.14089 0 0.222222 0.222222
0.929193 4.70425 0 0.166667 0.166667
0.991139 4.38897 0 0.111111 0.111111
1.05309 4.21199 0 0.0555556 0.0555556
1.11503 4.15892 0 0 0
1.2455 4.09418 0.0555556 0.0555556 0.0555556
1.37597 4.13185 0.111111 0.111111 0.111111
1.50644 4.37068 0.166667 0.166667 0.166667
1.6369 4.7984 0.222222 0.222222 0.222222
1.76737 5.33128 0.277778 0.277778 0.277778
1.89784 5.84441 0.333333 0.333333 0.333333
2.7 5.73955 0.5 0.333333 0.333333
2.83692 5.35058 0.5 0.277778 0.277778
2.97384 4.71768 0.5 0.222222 0.222222
3.11076 4.06302 0.5 0.166667 0.166667
3.24768 3.47319 0.5 0.111111 0.111111
3.3846 3.02744 0.5 0.0555556 0.0555556
3.52152 2.80993 0.5 0 0
3.65199 2.92059 0.5 0.0555556 0
3.78246 3.22645 0.5 0.111111 0
3.91293 3.66974 0.5 0.166667 0
4.0434 4.19451 0.5 0.222222 0
4.17386 4.76048 0.5 0.277778 0
4.30433 5.33057 0.5 0.333333 0
4.4348 5.31085 0.5 0.388889 0
4.56527 5.12672 0.5 0.444444 0
4.69574 5.06139 0.5 0.5 0

0.8053 5.86441 0 0.277778 0.277778
0.867247 5.589 0 0.222222 0.222222
0.929193 5.11592 0 0.166667 0.166667
0.991139 4.72675 0 0.111111 0.111111
1.05309 4.46419 0 0.0555556 0.0555556
1.11503 4.36876 0 0 0
1.2455 4.56438 0.0555556 0.0555556 0.0555556
1.37597 4.94086 0.111111 0.111111 0.111111
1.50644 5.41596 0.166667 0.166667 0.166667
1.6369 5.8911 0.222222 0.222222 0.222222
1.76737 5.71525 0.277778 0.277778 0.277778
1.89784 5.89807 0.333333 0.333333 0.333333
2.83692 5.72695 0.5 0.277778 0.277778
2.97384 5.86306 0.5 0.222222 0.222222
3.11076 5.71932 0.5 0.166667 0.166667
3.24768 5.41434 0.5 0.111111 0.111111
3.3846 5.1959 0.5 0.0555556 0.0555556
3.52152 5.11999 0.5 0 0
3.65199 5.19008 0.5 0.0555556 0
3.78246 5.37272 0.5 0.111111 0
3.91293 5.61092 0.5 0.166667 0
4.0434 5.85164 0.5 0.222222 0
4.17386 5.91798 0.5 0.277778 0
4.30433 5.61336 0.5 0.333333 0
4.4348 5.90833 0.5 0.388889 0

0.867247 5.99915 0 0.222222 0.222222
0.991139 5.75414 0 0.111111 0.111111
1.05309 5.45994 0 0.0555556 0.0555556
1.11503 5.31266 0 0 0
1.2455 5.47779 0.0555556 0.0555556 0.0555556
1.37597 5.74288 0.111111 0.111111 0.111111
1.6369 5.94972 0.222222 0.222222 0.222222
3.11076 5.86412 0.5 0.166667 0.166667
3.24768 5.48678 0.5 0.111111 0.111111
3.3846 5.22247 0.5 0.0555556 0.0555556
3.52152 5.11999 0.5 0 0
3.65199 5.19008 0.5 0.0555556 0
3.78246 5.37272 0.5 0.111111 0
3.91293 5.61092 0.5 0.166667 0
4.0434 5.85164 0.5 0.222222 0
4.17386 5.91798 0.5 0.277778 0
4.30433 5.61337 0.5 0.333333 0
4.4348 5.90833 0.5 0.388889 0

0.991139 5.85709 0 0.111111 0.111111
1.05309 5.49716 0 0.0555556 0.0555556
1.11503 5.40289 0 0 0
1.2455 5.49634 0.0555556 0.0555556 0.0555556
1.37597 5.91524 0.111111 0.111111 0.111111
3.3846 5.90008 0.5 0.0555556 0.0555556
3.52152 5.82771 0.5 0 0
3.65199 5.92973 0.5 0.0555556 0

3.3846 5.9683 0.5 0.0555556 0.0555556
3.52152 5.82773 0.5 0 0
3.65199 5.92974 0.5 0.0555556 0







