-19.36000000   2.27500000   0.02275000 
-19.35000000   0.50480000   0.02780000 
-19.34000000   0.58230000   0.03363000 
-19.33000000   0.66390000   0.04026000 
-19.32000000   0.74840000   0.04775000 
-19.31000000   0.83440000   0.05609000 
-19.30000000   0.92050000   0.06530000 
-19.29000000   1.00500000   0.07535000 
-19.28000000   1.08700000   0.08622000 
-19.27000000   1.16400000   0.09786000 
-19.26000000   1.23700000   0.11020000 
-19.25000000   1.30400000   0.12330000 
-19.24000000   1.36600000   0.13690000 
-19.23000000   1.42300000   0.15120000 
-19.22000000   1.47500000   0.16590000 
-19.21000000   1.52600000   0.18120000 
-19.20000000   1.57500000   0.19690000 
-19.19000000   1.62600000   0.21320000 
-19.18000000   1.68000000   0.23000000 
-19.17000000   1.73900000   0.24740000 
-19.16000000   1.80500000   0.26540000 
-19.15000000   1.87900000   0.28420000 
-19.14000000   1.96000000   0.30380000 
-19.13000000   2.05000000   0.32430000 
-19.12000000   2.14600000   0.34580000 
-19.11000000   2.24800000   0.36830000 
-19.10000000   2.35200000   0.39180000 
-19.09000000   2.45700000   0.41630000 
-19.08000000   2.55800000   0.44190000 
-19.07000000   2.65300000   0.46850000 
-19.06000000   2.73900000   0.49580000 
-19.05000000   2.81400000   0.52400000 
-19.04000000   2.87700000   0.55280000 
-19.03000000   2.92600000   0.58200000 
-19.02000000   2.96200000   0.61160000 
-19.01000000   2.98500000   0.64150000 
-19.00000000   2.99900000   0.67150000 
-18.99000000   3.00400000   0.70150000 
-18.98000000   3.00300000   0.73150000 
-18.97000000   3.00000000   0.76150000 
-18.96000000   2.99800000   0.79150000 
-18.95000000   2.99800000   0.82150000 
-18.94000000   3.00400000   0.85150000 
-18.93000000   3.01600000   0.88170000 
-18.92000000   3.03700000   0.91210000 
-18.91000000   3.06600000   0.94270000 
-18.90000000   3.10300000   0.97370000 
-18.89000000   3.14800000   1.00500000 
-18.88000000   3.20000000   1.03700000 
-18.87000000   3.25700000   1.07000000 
-18.86000000   3.31800000   1.10300000 
-18.85000000   3.38200000   1.13700000 
-18.84000000   3.44600000   1.17100000 
-18.83000000   3.50900000   1.20600000 
-18.82000000   3.57000000   1.24200000 
-18.81000000   3.62600000   1.27800000 
-18.80000000   3.67600000   1.31500000 
-18.79000000   3.71800000   1.35200000 
-18.78000000   3.75200000   1.39000000 
-18.77000000   3.77500000   1.42800000 
-18.76000000   3.78800000   1.46500000 
-18.75000000   3.79000000   1.50300000 
-18.74000000   3.78100000   1.54100000 
-18.73000000   3.76300000   1.57900000 
-18.72000000   3.73700000   1.61600000 
-18.71000000   3.70400000   1.65300000 
-18.70000000   3.66800000   1.69000000 
-18.69000000   3.63200000   1.72600000 
-18.68000000   3.59600000   1.76200000 
-18.67000000   3.56500000   1.79800000 
-18.66000000   3.54000000   1.83300000 
-18.65000000   3.52400000   1.86800000 
-18.64000000   3.51700000   1.90400000 
-18.63000000   3.52100000   1.93900000 
-18.62000000   3.53600000   1.97400000 
-18.61000000   3.56200000   2.01000000 
-18.60000000   3.59800000   2.04600000 
-18.59000000   3.64400000   2.08200000 
-18.58000000   3.69800000   2.11900000 
-18.57000000   3.75800000   2.15700000 
-18.56000000   3.82400000   2.19500000 
-18.55000000   3.89400000   2.23400000 
-18.54000000   3.96500000   2.27400000 
-18.53000000   4.03600000   2.31400000 
-18.52000000   4.10600000   2.35500000 
-18.51000000   4.17200000   2.39700000 
-18.50000000   4.23400000   2.43900000 
-18.49000000   4.29100000   2.48200000 
-18.48000000   4.34300000   2.52500000 
-18.47000000   4.39100000   2.56900000 
-18.46000000   4.43600000   2.61400000 
-18.45000000   4.48200000   2.65900000 
-18.44000000   4.53200000   2.70400000 
-18.43000000   4.58900000   2.75000000 
-18.42000000   4.65700000   2.79600000 
-18.41000000   4.74000000   2.84400000 
-18.40000000   4.83900000   2.89200000 
-18.39000000   4.95700000   2.94200000 
-18.38000000   5.09200000   2.99300000 
-18.37000000   5.24400000   3.04500000 
-18.36000000   5.40800000   3.09900000 
-18.35000000   5.57900000   3.15500000 
-18.34000000   5.75200000   3.21200000 
-18.33000000   5.91900000   3.27200000 
-18.32000000   6.07400000   3.33200000 
-18.31000000   6.21100000   3.39400000 
-18.30000000   6.32500000   3.45800000 
-18.29000000   6.41300000   3.52200000 
-18.28000000   6.47300000   3.58700000 
-18.27000000   6.50400000   3.65200000 
-18.26000000   6.51000000   3.71700000 
-18.25000000   6.49400000   3.78200000 
-18.24000000   6.46100000   3.84600000 
-18.23000000   6.41700000   3.91000000 
-18.22000000   6.36800000   3.97400000 
-18.21000000   6.32200000   4.03700000 
-18.20000000   6.28300000   4.10000000 
-18.19000000   6.25700000   4.16300000 
-18.18000000   6.24800000   4.22500000 
-18.17000000   6.25700000   4.28800000 
-18.16000000   6.28600000   4.35100000 
-18.15000000   6.33300000   4.41400000 
-18.14000000   6.39500000   4.47800000 
-18.13000000   6.47100000   4.54300000 
-18.12000000   6.55500000   4.60800000 
-18.11000000   6.64400000   4.67500000 
-18.10000000   6.73300000   4.74200000 
-18.09000000   6.81800000   4.81000000 
-18.08000000   6.89900000   4.87900000 
-18.07000000   6.97200000   4.94900000 
-18.06000000   7.03700000   5.01900000 
-18.05000000   7.09700000   5.09000000 
-18.04000000   7.15200000   5.16200000 
-18.03000000   7.20600000   5.23400000 
-18.02000000   7.26300000   5.30600000 
-18.01000000   7.32500000   5.38000000 
-18.00000000   7.39800000   5.45400000 
-17.99000000   7.48300000   5.52800000 
-17.98000000   7.58300000   5.60400000 
-17.97000000   7.70000000   5.68100000 
-17.96000000   7.83100000   5.76000000 
-17.95000000   7.97800000   5.83900000 
-17.94000000   8.13600000   5.92100000 
-17.93000000   8.30300000   6.00400000 
-17.92000000   8.47500000   6.08800000 
-17.91000000   8.64900000   6.17500000 
-17.90000000   8.82000000   6.26300000 
-17.89000000   8.98700000   6.35300000 
-17.88000000   9.14700000   6.44500000 
-17.87000000   9.30000000   6.53800000 
-17.86000000   9.44700000   6.63200000 
-17.85000000   9.58800000   6.72800000 
-17.84000000   9.72500000   6.82500000 
-17.83000000   9.86200000   6.92400000 
-17.82000000   9.99900000   7.02400000 
-17.81000000  10.14000000   7.12500000 
-17.80000000  10.28000000   7.22800000 
-17.79000000  10.42000000   7.33200000 
-17.78000000  10.57000000   7.43800000 
-17.77000000  10.70000000   7.54500000 
-17.76000000  10.83000000   7.65300000 
-17.75000000  10.94000000   7.76300000 
-17.74000000  11.04000000   7.87300000 
-17.73000000  11.10000000   7.98400000 
-17.72000000  11.14000000   8.09500000 
-17.71000000  11.15000000   8.20700000 
-17.70000000  11.13000000   8.31800000 
-17.69000000  11.08000000   8.42900000 
-17.68000000  11.00000000   8.53900000 
-17.67000000  10.91000000   8.64800000 
-17.66000000  10.79000000   8.75600000 
-17.65000000  10.68000000   8.86300000 
-17.64000000  10.56000000   8.96800000 
-17.63000000  10.44000000   9.07300000 
-17.62000000  10.34000000   9.17600000 
-17.61000000  10.25000000   9.27900000 
-17.60000000  10.19000000   9.38000000 
-17.59000000  10.14000000   9.48200000 
-17.58000000  10.13000000   9.58300000 
-17.57000000  10.14000000   9.68500000 
-17.56000000  10.17000000   9.78600000 
-17.55000000  10.24000000   9.88900000 
-17.54000000  10.34000000   9.99200000 
-17.53000000  10.46000000  10.10000000 
-17.52000000  10.61000000  10.20000000 
-17.51000000  10.78000000  10.31000000 
-17.50000000  10.97000000  10.42000000 
-17.49000000  11.18000000  10.53000000 
-17.48000000  11.40000000  10.65000000 
-17.47000000  11.62000000  10.76000000 
-17.46000000  11.84000000  10.88000000 
-17.45000000  12.05000000  11.00000000 
-17.44000000  12.26000000  11.12000000 
-17.43000000  12.46000000  11.25000000 
-17.42000000  12.65000000  11.37000000 
-17.41000000  12.82000000  11.50000000 
-17.40000000  12.99000000  11.63000000 
-17.39000000  13.14000000  11.76000000 
-17.38000000  13.29000000  11.90000000 
-17.37000000  13.44000000  12.03000000 
-17.36000000  13.58000000  12.17000000 
-17.35000000  13.73000000  12.30000000 
-17.34000000  13.88000000  12.44000000 
-17.33000000  14.04000000  12.58000000 
-17.32000000  14.21000000  12.73000000 
-17.31000000  14.38000000  12.87000000 
-17.30000000  14.56000000  13.02000000 
-17.29000000  14.75000000  13.16000000 
-17.28000000  14.94000000  13.31000000 
-17.27000000  15.14000000  13.46000000 
-17.26000000  15.33000000  13.62000000 
-17.25000000  15.52000000  13.77000000 
-17.24000000  15.69000000  13.93000000 
-17.23000000  15.84000000  14.09000000 
-17.22000000  15.95000000  14.25000000 
-17.21000000  16.03000000  14.41000000 
-17.20000000  16.06000000  14.57000000 
-17.19000000  16.03000000  14.73000000 
-17.18000000  15.94000000  14.89000000 
-17.17000000  15.79000000  15.05000000 
-17.16000000  15.57000000  15.20000000 
-17.15000000  15.28000000  15.35000000 
-17.14000000  14.94000000  15.50000000 
-17.13000000  14.56000000  15.65000000 
-17.12000000  14.15000000  15.79000000 
-17.11000000  13.73000000  15.93000000 
-17.10000000  13.31000000  16.06000000 
-17.09000000  12.91000000  16.19000000 
-17.08000000  12.54000000  16.32000000 
-17.07000000  12.22000000  16.44000000 
-17.06000000  11.95000000  16.56000000 
-17.05000000  11.74000000  16.67000000 
-17.04000000  11.58000000  16.79000000 
-17.03000000  11.49000000  16.91000000 
-17.02000000  11.44000000  17.02000000 
-17.01000000  11.44000000  17.13000000 
-17.00000000  11.47000000  17.25000000 
-16.99000000  11.53000000  17.36000000 
-16.98000000  11.61000000  17.48000000 
-16.97000000  11.70000000  17.60000000 
-16.96000000  11.80000000  17.71000000 
-16.95000000  11.91000000  17.83000000 
-16.94000000  12.03000000  17.95000000 
-16.93000000  12.16000000  18.08000000 
-16.92000000  12.30000000  18.20000000 
-16.91000000  12.44000000  18.32000000 
-16.90000000  12.60000000  18.45000000 
-16.89000000  12.78000000  18.58000000 
-16.88000000  12.98000000  18.71000000 
-16.87000000  13.20000000  18.84000000 
-16.86000000  13.43000000  18.97000000 
-16.85000000  13.69000000  19.11000000 
-16.84000000  13.97000000  19.25000000 
-16.83000000  14.26000000  19.39000000 
-16.82000000  14.58000000  19.54000000 
-16.81000000  14.91000000  19.69000000 
-16.80000000  15.26000000  19.84000000 
-16.79000000  15.63000000  20.00000000 
-16.78000000  16.01000000  20.16000000 
-16.77000000  16.39000000  20.32000000 
-16.76000000  16.78000000  20.49000000 
-16.75000000  17.16000000  20.66000000 
-16.74000000  17.53000000  20.84000000 
-16.73000000  17.86000000  21.01000000 
-16.72000000  18.15000000  21.20000000 
-16.71000000  18.38000000  21.38000000 
-16.70000000  18.53000000  21.56000000 
-16.69000000  18.58000000  21.75000000 
-16.68000000  18.51000000  21.94000000 
-16.67000000  18.32000000  22.12000000 
-16.66000000  17.99000000  22.30000000 
-16.65000000  17.51000000  22.47000000 
-16.64000000  16.88000000  22.64000000 
-16.63000000  16.11000000  22.80000000 
-16.62000000  15.21000000  22.96000000 
-16.61000000  14.19000000  23.10000000 
-16.60000000  13.09000000  23.23000000 
-16.59000000  11.91000000  23.35000000 
-16.58000000  10.71000000  23.45000000 
-16.57000000   9.49100000  23.55000000 
-16.56000000   8.29700000  23.63000000 
-16.55000000   7.15000000  23.70000000 
-16.54000000   6.07100000  23.76000000 
-16.53000000   5.07800000  23.82000000 
-16.52000000   4.18200000  23.86000000 
-16.51000000   3.39100000  23.89000000 
-16.50000000   2.70700000  23.92000000 
-16.49000000   2.12600000  23.94000000 
-16.48000000   1.64200000  23.96000000 
-16.47000000   1.24800000  23.97000000 
-16.46000000   0.93270000  23.98000000 
-16.45000000   0.68530000  23.98000000 
-16.44000000   0.49510000  23.99000000 
-16.43000000   0.35150000  23.99000000 
-16.42000000   0.24530000  24.00000000 
-16.41000000   0.16820000  24.00000000 
-16.40000000   0.11340000  24.00000000 
-16.39000000   0.07505000  24.00000000 
-16.38000000   0.04881000  24.00000000 
-16.37000000   0.03118000  24.00000000 
-16.36000000   0.01956000  24.00000000 
-16.35000000   0.01205000  24.00000000 
-16.34000000   0.00729400  24.00000000 
-16.33000000   0.00433400  24.00000000 
-16.32000000   0.00252800  24.00000000 
-16.31000000   0.00144800  24.00000000 
-16.30000000   0.00081430  24.00000000 
-16.29000000   0.00044950  24.00000000 
-16.28000000   0.00024360  24.00000000 
-16.27000000   0.00012960  24.00000000 
-16.26000000   0.00006764  24.00000000 
-16.25000000   0.00003466  24.00000000 
-16.24000000   0.00001743  24.00000000 
-16.23000000   0.00000860  24.00000000 
-16.22000000   0.00000417  24.00000000 
-16.21000000   0.00000198  24.00000000 
-16.20000000   0.00000092  24.00000000 
-16.19000000   0.00000042  24.00000000 
-16.18000000   0.00000019  24.00000000 
-16.17000000   0.00000008  24.00000000 
-16.16000000   0.00000004  24.00000000 
-16.15000000   0.00000002  24.00000000 
-16.14000000   0.00000001  24.00000000 
-16.13000000   0.00000000  24.00000000 
-16.12000000   0.00000000  24.00000000 
-16.11000000   0.00000000  24.00000000 
-16.10000000   0.00000000  24.00000000 
-16.09000000   0.00000000  24.00000000 
-16.08000000   0.00000000  24.00000000 
-16.07000000   0.00000000  24.00000000 
-16.06000000   0.00000000  24.00000000 
-16.05000000   0.00000000  24.00000000 
-16.04000000   0.00000000  24.00000000 
-16.03000000   0.00000000  24.00000000 
-16.02000000   0.00000000  24.00000000 
-16.01000000   0.00000000  24.00000000 
-16.00000000   0.00000000  24.00000000 
-15.99000000   0.00000000  24.00000000 
-15.98000000   0.00000000  24.00000000 
-15.97000000   0.00000000  24.00000000 
-15.96000000   0.00000000  24.00000000 
-15.95000000   0.00000000  24.00000000 
-15.94000000   0.00000000  24.00000000 
-15.93000000   0.00000000  24.00000000 
-15.92000000   0.00000000  24.00000000 
-15.91000000   0.00000000  24.00000000 
-15.90000000   0.00000000  24.00000000 
-15.89000000   0.00000000  24.00000000 
-15.88000000   0.00000000  24.00000000 
-15.87000000   0.00000000  24.00000000 
-15.86000000   0.00000000  24.00000000 
-15.85000000   0.00000000  24.00000000 
-15.84000000   0.00000000  24.00000000 
-15.83000000   0.00000000  24.00000000 
-15.82000000   0.00000000  24.00000000 
-15.81000000   0.00000000  24.00000000 
-15.80000000   0.00000000  24.00000000 
-15.79000000   0.00000000  24.00000000 
-15.78000000   0.00000000  24.00000000 
-15.77000000   0.00000000  24.00000000 
-15.76000000   0.00000000  24.00000000 
-15.75000000   0.00000000  24.00000000 
-15.74000000   0.00000000  24.00000000 
-15.73000000   0.00000000  24.00000000 
-15.72000000   0.00000000  24.00000000 
-15.71000000   0.00000000  24.00000000 
-15.70000000   0.00000000  24.00000000 
-15.69000000   0.00000000  24.00000000 
-15.68000000   0.00000000  24.00000000 
-15.67000000   0.00000000  24.00000000 
-15.66000000   0.00000000  24.00000000 
-15.65000000   0.00000000  24.00000000 
-15.64000000   0.00000000  24.00000000 
-15.63000000   0.00000000  24.00000000 
-15.62000000   0.00000000  24.00000000 
-15.61000000   0.00000000  24.00000000 
-15.60000000   0.00000000  24.00000000 
-15.59000000   0.00000000  24.00000000 
-15.58000000   0.00000000  24.00000000 
-15.57000000   0.00000000  24.00000000 
-15.56000000   0.00000000  24.00000000 
-15.55000000   0.00000000  24.00000000 
-15.54000000   0.00000000  24.00000000 
-15.53000000   0.00000000  24.00000000 
-15.52000000   0.00000000  24.00000000 
-15.51000000   0.00000000  24.00000000 
-15.50000000   0.00000000  24.00000000 
-15.49000000   0.00000000  24.00000000 
-15.48000000   0.00000000  24.00000000 
-15.47000000   0.00000000  24.00000000 
-15.46000000   0.00000000  24.00000000 
-15.45000000   0.00000000  24.00000000 
-15.44000000   0.00000000  24.00000000 
-15.43000000   0.00000000  24.00000000 
-15.42000000   0.00000000  24.00000000 
-15.41000000   0.00000000  24.00000000 
-15.40000000   0.00000000  24.00000000 
-15.39000000   0.00000000  24.00000000 
-15.38000000   0.00000000  24.00000000 
-15.37000000   0.00000000  24.00000000 
-15.36000000   0.00000000  24.00000000 
-15.35000000   0.00000000  24.00000000 
-15.34000000   0.00000000  24.00000000 
-15.33000000   0.00000000  24.00000000 
-15.32000000   0.00000000  24.00000000 
-15.31000000   0.00000000  24.00000000 
-15.30000000   0.00000000  24.00000000 
-15.29000000   0.00000000  24.00000000 
-15.28000000   0.00000000  24.00000000 
-15.27000000   0.00000000  24.00000000 
-15.26000000   0.00000000  24.00000000 
-15.25000000   0.00000000  24.00000000 
-15.24000000   0.00000000  24.00000000 
-15.23000000   0.00000000  24.00000000 
-15.22000000   0.00000000  24.00000000 
-15.21000000   0.00000000  24.00000000 
-15.20000000   0.00000000  24.00000000 
-15.19000000   0.00000000  24.00000000 
-15.18000000   0.00000000  24.00000000 
-15.17000000   0.00000000  24.00000000 
-15.16000000   0.00000000  24.00000000 
-15.15000000   0.00000000  24.00000000 
-15.14000000   0.00000000  24.00000000 
-15.13000000   0.00000000  24.00000000 
-15.12000000   0.00000000  24.00000000 
-15.11000000   0.00000000  24.00000000 
-15.10000000   0.00000000  24.00000000 
-15.09000000   0.00000000  24.00000000 
-15.08000000   0.00000000  24.00000000 
-15.07000000   0.00000000  24.00000000 
-15.06000000   0.00000000  24.00000000 
-15.05000000   0.00000000  24.00000000 
-15.04000000   0.00000000  24.00000000 
-15.03000000   0.00000000  24.00000000 
-15.02000000   0.00000000  24.00000000 
-15.01000000   0.00000000  24.00000000 
-15.00000000   0.00000000  24.00000000 
-14.99000000   0.00000000  24.00000000 
-14.98000000   0.00000000  24.00000000 
-14.97000000   0.00000000  24.00000000 
-14.96000000   0.00000000  24.00000000 
-14.95000000   0.00000000  24.00000000 
-14.94000000   0.00000000  24.00000000 
-14.93000000   0.00000000  24.00000000 
-14.92000000   0.00000000  24.00000000 
-14.91000000   0.00000000  24.00000000 
-14.90000000   0.00000000  24.00000000 
-14.89000000   0.00000000  24.00000000 
-14.88000000   0.00000000  24.00000000 
-14.87000000   0.00000000  24.00000000 
-14.86000000   0.00000000  24.00000000 
-14.85000000   0.00000000  24.00000000 
-14.84000000   0.00000000  24.00000000 
-14.83000000   0.00000000  24.00000000 
-14.82000000   0.00000000  24.00000000 
-14.81000000   0.00000000  24.00000000 
-14.80000000   0.00000000  24.00000000 
-14.79000000   0.00000000  24.00000000 
-14.78000000   0.00000000  24.00000000 
-14.77000000   0.00000000  24.00000000 
-14.76000000   0.00000000  24.00000000 
-14.75000000   0.00000000  24.00000000 
-14.74000000   0.00000000  24.00000000 
-14.73000000   0.00000000  24.00000000 
-14.72000000   0.00000000  24.00000000 
-14.71000000   0.00000000  24.00000000 
-14.70000000   0.00000000  24.00000000 
-14.69000000   0.00000000  24.00000000 
-14.68000000   0.00000000  24.00000000 
-14.67000000   0.00000000  24.00000000 
-14.66000000   0.00000000  24.00000000 
-14.65000000   0.00000000  24.00000000 
-14.64000000   0.00000000  24.00000000 
-14.63000000   0.00000000  24.00000000 
-14.62000000   0.00000000  24.00000000 
-14.61000000   0.00000000  24.00000000 
-14.60000000   0.00000000  24.00000000 
-14.59000000   0.00000000  24.00000000 
-14.58000000   0.00000000  24.00000000 
-14.57000000   0.00000000  24.00000000 
-14.56000000   0.00000000  24.00000000 
-14.55000000   0.00000000  24.00000000 
-14.54000000   0.00000000  24.00000000 
-14.53000000   0.00000000  24.00000000 
-14.52000000   0.00000000  24.00000000 
-14.51000000   0.00000000  24.00000000 
-14.50000000   0.00000000  24.00000000 
-14.49000000   0.00000000  24.00000000 
-14.48000000   0.00000000  24.00000000 
-14.47000000   0.00000000  24.00000000 
-14.46000000   0.00000000  24.00000000 
-14.45000000   0.00000000  24.00000000 
-14.44000000   0.00000000  24.00000000 
-14.43000000   0.00000000  24.00000000 
-14.42000000   0.00000000  24.00000000 
-14.41000000   0.00000000  24.00000000 
-14.40000000   0.00000000  24.00000000 
-14.39000000   0.00000000  24.00000000 
-14.38000000   0.00000000  24.00000000 
-14.37000000   0.00000000  24.00000000 
-14.36000000   0.00000000  24.00000000 
-14.35000000   0.00000000  24.00000000 
-14.34000000   0.00000000  24.00000000 
-14.33000000   0.00000000  24.00000000 
-14.32000000   0.00000000  24.00000000 
-14.31000000   0.00000000  24.00000000 
-14.30000000   0.00000000  24.00000000 
-14.29000000   0.00000000  24.00000000 
-14.28000000   0.00000000  24.00000000 
-14.27000000   0.00000000  24.00000000 
-14.26000000   0.00000000  24.00000000 
-14.25000000   0.00000000  24.00000000 
-14.24000000   0.00000000  24.00000000 
-14.23000000   0.00000000  24.00000000 
-14.22000000   0.00000000  24.00000000 
-14.21000000   0.00000000  24.00000000 
-14.20000000   0.00000000  24.00000000 
-14.19000000   0.00000000  24.00000000 
-14.18000000   0.00000000  24.00000000 
-14.17000000   0.00000000  24.00000000 
-14.16000000   0.00000000  24.00000000 
-14.15000000   0.00000000  24.00000000 
-14.14000000   0.00000000  24.00000000 
-14.13000000   0.00000000  24.00000000 
-14.12000000   0.00000000  24.00000000 
-14.11000000   0.00000000  24.00000000 
-14.10000000   0.00000000  24.00000000 
-14.09000000   0.00000000  24.00000000 
-14.08000000   0.00000000  24.00000000 
-14.07000000   0.00000000  24.00000000 
-14.06000000   0.00000000  24.00000000 
-14.05000000   0.00000000  24.00000000 
-14.04000000   0.00000000  24.00000000 
-14.03000000   0.00000000  24.00000000 
-14.02000000   0.00000000  24.00000000 
-14.01000000   0.00000000  24.00000000 
-14.00000000   0.00000000  24.00000000 
-13.99000000   0.00000000  24.00000000 
-13.98000000   0.00000000  24.00000000 
-13.97000000   0.00000000  24.00000000 
-13.96000000   0.00000000  24.00000000 
-13.95000000   0.00000000  24.00000000 
-13.94000000   0.00000000  24.00000000 
-13.93000000   0.00000000  24.00000000 
-13.92000000   0.00000000  24.00000000 
-13.91000000   0.00000000  24.00000000 
-13.90000000   0.00000000  24.00000000 
-13.89000000   0.00000000  24.00000000 
-13.88000000   0.00000000  24.00000000 
-13.87000000   0.00000000  24.00000000 
-13.86000000   0.00000000  24.00000000 
-13.85000000   0.00000000  24.00000000 
-13.84000000   0.00000000  24.00000000 
-13.83000000   0.00000000  24.00000000 
-13.82000000   0.00000000  24.00000000 
-13.81000000   0.00000000  24.00000000 
-13.80000000   0.00000000  24.00000000 
-13.79000000   0.00000000  24.00000000 
-13.78000000   0.00000000  24.00000000 
-13.77000000   0.00000000  24.00000000 
-13.76000000   0.00000000  24.00000000 
-13.75000000   0.00000000  24.00000000 
-13.74000000   0.00000000  24.00000000 
-13.73000000   0.00000000  24.00000000 
-13.72000000   0.00000000  24.00000000 
-13.71000000   0.00000000  24.00000000 
-13.70000000   0.00000000  24.00000000 
-13.69000000   0.00000000  24.00000000 
-13.68000000   0.00000000  24.00000000 
-13.67000000   0.00000000  24.00000000 
-13.66000000   0.00000000  24.00000000 
-13.65000000   0.00000000  24.00000000 
-13.64000000   0.00000000  24.00000000 
-13.63000000   0.00000000  24.00000000 
-13.62000000   0.00000000  24.00000000 
-13.61000000   0.00000000  24.00000000 
-13.60000000   0.00000000  24.00000000 
-13.59000000   0.00000000  24.00000000 
-13.58000000   0.00000000  24.00000000 
-13.57000000   0.00000000  24.00000000 
-13.56000000   0.00000000  24.00000000 
-13.55000000   0.00000000  24.00000000 
-13.54000000   0.00000000  24.00000000 
-13.53000000   0.00000000  24.00000000 
-13.52000000   0.00000000  24.00000000 
-13.51000000   0.00000000  24.00000000 
-13.50000000   0.00000000  24.00000000 
-13.49000000   0.00000000  24.00000000 
-13.48000000   0.00000000  24.00000000 
-13.47000000   0.00000000  24.00000000 
-13.46000000   0.00000000  24.00000000 
-13.45000000   0.00000000  24.00000000 
-13.44000000   0.00000000  24.00000000 
-13.43000000   0.00000000  24.00000000 
-13.42000000   0.00000000  24.00000000 
-13.41000000   0.00000000  24.00000000 
-13.40000000   0.00000000  24.00000000 
-13.39000000   0.00000000  24.00000000 
-13.38000000   0.00000000  24.00000000 
-13.37000000   0.00000000  24.00000000 
-13.36000000   0.00000000  24.00000000 
-13.35000000   0.00000000  24.00000000 
-13.34000000   0.00000000  24.00000000 
-13.33000000   0.00000000  24.00000000 
-13.32000000   0.00000000  24.00000000 
-13.31000000   0.00000000  24.00000000 
-13.30000000   0.00000000  24.00000000 
-13.29000000   0.00000000  24.00000000 
-13.28000000   0.00000000  24.00000000 
-13.27000000   0.00000000  24.00000000 
-13.26000000   0.00000000  24.00000000 
-13.25000000   0.00000000  24.00000000 
-13.24000000   0.00000000  24.00000000 
-13.23000000   0.00000000  24.00000000 
-13.22000000   0.00000000  24.00000000 
-13.21000000   0.00000000  24.00000000 
-13.20000000   0.00000000  24.00000000 
-13.19000000   0.00000000  24.00000000 
-13.18000000   0.00000000  24.00000000 
-13.17000000   0.00000000  24.00000000 
-13.16000000   0.00000000  24.00000000 
-13.15000000   0.00000000  24.00000000 
-13.14000000   0.00000000  24.00000000 
-13.13000000   0.00000000  24.00000000 
-13.12000000   0.00000000  24.00000000 
-13.11000000   0.00000000  24.00000000 
-13.10000000   0.00000000  24.00000000 
-13.09000000   0.00000000  24.00000000 
-13.08000000   0.00000000  24.00000000 
-13.07000000   0.00000000  24.00000000 
-13.06000000   0.00000000  24.00000000 
-13.05000000   0.00000000  24.00000000 
-13.04000000   0.00000000  24.00000000 
-13.03000000   0.00000000  24.00000000 
-13.02000000   0.00000000  24.00000000 
-13.01000000   0.00000000  24.00000000 
-13.00000000   0.00000000  24.00000000 
-12.99000000   0.00000000  24.00000000 
-12.98000000   0.00000000  24.00000000 
-12.97000000   0.00000000  24.00000000 
-12.96000000   0.00000000  24.00000000 
-12.95000000   0.00000000  24.00000000 
-12.94000000   0.00000000  24.00000000 
-12.93000000   0.00000000  24.00000000 
-12.92000000   0.00000000  24.00000000 
-12.91000000   0.00000000  24.00000000 
-12.90000000   0.00000000  24.00000000 
-12.89000000   0.00000000  24.00000000 
-12.88000000   0.00000000  24.00000000 
-12.87000000   0.00000000  24.00000000 
-12.86000000   0.00000000  24.00000000 
-12.85000000   0.00000000  24.00000000 
-12.84000000   0.00000000  24.00000000 
-12.83000000   0.00000000  24.00000000 
-12.82000000   0.00000000  24.00000000 
-12.81000000   0.00000000  24.00000000 
-12.80000000   0.00000000  24.00000000 
-12.79000000   0.00000000  24.00000000 
-12.78000000   0.00000000  24.00000000 
-12.77000000   0.00000000  24.00000000 
-12.76000000   0.00000000  24.00000000 
-12.75000000   0.00000000  24.00000000 
-12.74000000   0.00000000  24.00000000 
-12.73000000   0.00000000  24.00000000 
-12.72000000   0.00000000  24.00000000 
-12.71000000   0.00000000  24.00000000 
-12.70000000   0.00000000  24.00000000 
-12.69000000   0.00000000  24.00000000 
-12.68000000   0.00000000  24.00000000 
-12.67000000   0.00000000  24.00000000 
-12.66000000   0.00000000  24.00000000 
-12.65000000   0.00000000  24.00000000 
-12.64000000   0.00000000  24.00000000 
-12.63000000   0.00000000  24.00000000 
-12.62000000   0.00000000  24.00000000 
-12.61000000   0.00000000  24.00000000 
-12.60000000   0.00000000  24.00000000 
-12.59000000   0.00000000  24.00000000 
-12.58000000   0.00000000  24.00000000 
-12.57000000   0.00000000  24.00000000 
-12.56000000   0.00000000  24.00000000 
-12.55000000   0.00000000  24.00000000 
-12.54000000   0.00000000  24.00000000 
-12.53000000   0.00000000  24.00000000 
-12.52000000   0.00000000  24.00000000 
-12.51000000   0.00000000  24.00000000 
-12.50000000   0.00000000  24.00000000 
-12.49000000   0.00000000  24.00000000 
-12.48000000   0.00000000  24.00000000 
-12.47000000   0.00000000  24.00000000 
-12.46000000   0.00000000  24.00000000 
-12.45000000   0.00000000  24.00000000 
-12.44000000   0.00000000  24.00000000 
-12.43000000   0.00000000  24.00000000 
-12.42000000   0.00000000  24.00000000 
-12.41000000   0.00000000  24.00000000 
-12.40000000   0.00000000  24.00000000 
-12.39000000   0.00000000  24.00000000 
-12.38000000   0.00000000  24.00000000 
-12.37000000   0.00000000  24.00000000 
-12.36000000   0.00000000  24.00000000 
-12.35000000   0.00000000  24.00000000 
-12.34000000   0.00000000  24.00000000 
-12.33000000   0.00000000  24.00000000 
-12.32000000   0.00000000  24.00000000 
-12.31000000   0.00000000  24.00000000 
-12.30000000   0.00000000  24.00000000 
-12.29000000   0.00000000  24.00000000 
-12.28000000   0.00000000  24.00000000 
-12.27000000   0.00000000  24.00000000 
-12.26000000   0.00000000  24.00000000 
-12.25000000   0.00000000  24.00000000 
-12.24000000   0.00000000  24.00000000 
-12.23000000   0.00000000  24.00000000 
-12.22000000   0.00000000  24.00000000 
-12.21000000   0.00000000  24.00000000 
-12.20000000   0.00000000  24.00000000 
-12.19000000   0.00000000  24.00000000 
-12.18000000   0.00000000  24.00000000 
-12.17000000   0.00000000  24.00000000 
-12.16000000   0.00000000  24.00000000 
-12.15000000   0.00000000  24.00000000 
-12.14000000   0.00000000  24.00000000 
-12.13000000   0.00000000  24.00000000 
-12.12000000   0.00000000  24.00000000 
-12.11000000   0.00000000  24.00000000 
-12.10000000   0.00000000  24.00000000 
-12.09000000   0.00000000  24.00000000 
-12.08000000   0.00000000  24.00000000 
-12.07000000   0.00000000  24.00000000 
-12.06000000   0.00000000  24.00000000 
-12.05000000   0.00000000  24.00000000 
-12.04000000   0.00000000  24.00000000 
-12.03000000   0.00000000  24.00000000 
-12.02000000   0.00000000  24.00000000 
-12.01000000   0.00000000  24.00000000 
-12.00000000   0.00000000  24.00000000 
-11.99000000   0.00000000  24.00000000 
-11.98000000   0.00000000  24.00000000 
-11.97000000   0.00000000  24.00000000 
-11.96000000   0.00000000  24.00000000 
-11.95000000   0.00000000  24.00000000 
-11.94000000   0.00000000  24.00000000 
-11.93000000   0.00000000  24.00000000 
-11.92000000   0.00000000  24.00000000 
-11.91000000   0.00000000  24.00000000 
-11.90000000   0.00000000  24.00000000 
-11.89000000   0.00000000  24.00000000 
-11.88000000   0.00000000  24.00000000 
-11.87000000   0.00000000  24.00000000 
-11.86000000   0.00000000  24.00000000 
-11.85000000   0.00000000  24.00000000 
-11.84000000   0.00000000  24.00000000 
-11.83000000   0.00000000  24.00000000 
-11.82000000   0.00000000  24.00000000 
-11.81000000   0.00000000  24.00000000 
-11.80000000   0.00000000  24.00000000 
-11.79000000   0.00000000  24.00000000 
-11.78000000   0.00000000  24.00000000 
-11.77000000   0.00000000  24.00000000 
-11.76000000   0.00000000  24.00000000 
-11.75000000   0.00000000  24.00000000 
-11.74000000   0.00000000  24.00000000 
-11.73000000   0.00000000  24.00000000 
-11.72000000   0.00000000  24.00000000 
-11.71000000   0.00000000  24.00000000 
-11.70000000   0.00000000  24.00000000 
-11.69000000   0.00000000  24.00000000 
-11.68000000   0.00000000  24.00000000 
-11.67000000   0.00000000  24.00000000 
-11.66000000   0.00000000  24.00000000 
-11.65000000   0.00000000  24.00000000 
-11.64000000   0.00000000  24.00000000 
-11.63000000   0.00000000  24.00000000 
-11.62000000   0.00000000  24.00000000 
-11.61000000   0.00000000  24.00000000 
-11.60000000   0.00000000  24.00000000 
-11.59000000   0.00000000  24.00000000 
-11.58000000   0.00000000  24.00000000 
-11.57000000   0.00000000  24.00000000 
-11.56000000   0.00000000  24.00000000 
-11.55000000   0.00000000  24.00000000 
-11.54000000   0.00000000  24.00000000 
-11.53000000   0.00000000  24.00000000 
-11.52000000   0.00000000  24.00000000 
-11.51000000   0.00000000  24.00000000 
-11.50000000   0.00000000  24.00000000 
-11.49000000   0.00000000  24.00000000 
-11.48000000   0.00000000  24.00000000 
-11.47000000   0.00000000  24.00000000 
-11.46000000   0.00000000  24.00000000 
-11.45000000   0.00000000  24.00000000 
-11.44000000   0.00000000  24.00000000 
-11.43000000   0.00000000  24.00000000 
-11.42000000   0.00000000  24.00000000 
-11.41000000   0.00000000  24.00000000 
-11.40000000   0.00000000  24.00000000 
-11.39000000   0.00000000  24.00000000 
-11.38000000   0.00000000  24.00000000 
-11.37000000   0.00000000  24.00000000 
-11.36000000   0.00000000  24.00000000 
-11.35000000   0.00000000  24.00000000 
-11.34000000   0.00000000  24.00000000 
-11.33000000   0.00000000  24.00000000 
-11.32000000   0.00000000  24.00000000 
-11.31000000   0.00000000  24.00000000 
-11.30000000   0.00000000  24.00000000 
-11.29000000   0.00000000  24.00000000 
-11.28000000   0.00000000  24.00000000 
-11.27000000   0.00000000  24.00000000 
-11.26000000   0.00000000  24.00000000 
-11.25000000   0.00000000  24.00000000 
-11.24000000   0.00000000  24.00000000 
-11.23000000   0.00000000  24.00000000 
-11.22000000   0.00000000  24.00000000 
-11.21000000   0.00000000  24.00000000 
-11.20000000   0.00000000  24.00000000 
-11.19000000   0.00000000  24.00000000 
-11.18000000   0.00000000  24.00000000 
-11.17000000   0.00000000  24.00000000 
-11.16000000   0.00000000  24.00000000 
-11.15000000   0.00000000  24.00000000 
-11.14000000   0.00000000  24.00000000 
-11.13000000   0.00000000  24.00000000 
-11.12000000   0.00000000  24.00000000 
-11.11000000   0.00000000  24.00000000 
-11.10000000   0.00000000  24.00000000 
-11.09000000   0.00000000  24.00000000 
-11.08000000   0.00000000  24.00000000 
-11.07000000   0.00000000  24.00000000 
-11.06000000   0.00000000  24.00000000 
-11.05000000   0.00000000  24.00000000 
-11.04000000   0.00000000  24.00000000 
-11.03000000   0.00000000  24.00000000 
-11.02000000   0.00000000  24.00000000 
-11.01000000   0.00000000  24.00000000 
-11.00000000   0.00000000  24.00000000 
-10.99000000   0.00000000  24.00000000 
-10.98000000   0.00000000  24.00000000 
-10.97000000   0.00000000  24.00000000 
-10.96000000   0.00000000  24.00000000 
-10.95000000   0.00000000  24.00000000 
-10.94000000   0.00000000  24.00000000 
-10.93000000   0.00000000  24.00000000 
-10.92000000   0.00000000  24.00000000 
-10.91000000   0.00000000  24.00000000 
-10.90000000   0.00000000  24.00000000 
-10.89000000   0.00000000  24.00000000 
-10.88000000   0.00000000  24.00000000 
-10.87000000   0.00000000  24.00000000 
-10.86000000   0.00000000  24.00000000 
-10.85000000   0.00000000  24.00000000 
-10.84000000   0.00000000  24.00000000 
-10.83000000   0.00000000  24.00000000 
-10.82000000   0.00000000  24.00000000 
-10.81000000   0.00000000  24.00000000 
-10.80000000   0.00000000  24.00000000 
-10.79000000   0.00000000  24.00000000 
-10.78000000   0.00000000  24.00000000 
-10.77000000   0.00000000  24.00000000 
-10.76000000   0.00000000  24.00000000 
-10.75000000   0.00000000  24.00000000 
-10.74000000   0.00000000  24.00000000 
-10.73000000   0.00000000  24.00000000 
-10.72000000   0.00000000  24.00000000 
-10.71000000   0.00000000  24.00000000 
-10.70000000   0.00000000  24.00000000 
-10.69000000   0.00000000  24.00000000 
-10.68000000   0.00000000  24.00000000 
-10.67000000   0.00000000  24.00000000 
-10.66000000   0.00000000  24.00000000 
-10.65000000   0.00000000  24.00000000 
-10.64000000   0.00000000  24.00000000 
-10.63000000   0.00000000  24.00000000 
-10.62000000   0.00000000  24.00000000 
-10.61000000   0.00000000  24.00000000 
-10.60000000   0.00000000  24.00000000 
-10.59000000   0.00000000  24.00000000 
-10.58000000   0.00000000  24.00000000 
-10.57000000   0.00000000  24.00000000 
-10.56000000   0.00000000  24.00000000 
-10.55000000   0.00000000  24.00000000 
-10.54000000   0.00000000  24.00000000 
-10.53000000   0.00000000  24.00000000 
-10.52000000   0.00000000  24.00000000 
-10.51000000   0.00000000  24.00000000 
-10.50000000   0.00000000  24.00000000 
-10.49000000   0.00000000  24.00000000 
-10.48000000   0.00000000  24.00000000 
-10.47000000   0.00000000  24.00000000 
-10.46000000   0.00000000  24.00000000 
-10.45000000   0.00000000  24.00000000 
-10.44000000   0.00000000  24.00000000 
-10.43000000   0.00000000  24.00000000 
-10.42000000   0.00000000  24.00000000 
-10.41000000   0.00000000  24.00000000 
-10.40000000   0.00000000  24.00000000 
-10.39000000   0.00000000  24.00000000 
-10.38000000   0.00000000  24.00000000 
-10.37000000   0.00000000  24.00000000 
-10.36000000   0.00000000  24.00000000 
-10.35000000   0.00000000  24.00000000 
-10.34000000   0.00000000  24.00000000 
-10.33000000   0.00000000  24.00000000 
-10.32000000   0.00000000  24.00000000 
-10.31000000   0.00000000  24.00000000 
-10.30000000   0.00000000  24.00000000 
-10.29000000   0.00000000  24.00000000 
-10.28000000   0.00000000  24.00000000 
-10.27000000   0.00000000  24.00000000 
-10.26000000   0.00000000  24.00000000 
-10.25000000   0.00000000  24.00000000 
-10.24000000   0.00000000  24.00000000 
-10.23000000   0.00000000  24.00000000 
-10.22000000   0.00000000  24.00000000 
-10.21000000   0.00000000  24.00000000 
-10.20000000   0.00000000  24.00000000 
-10.19000000   0.00000000  24.00000000 
-10.18000000   0.00000000  24.00000000 
-10.17000000   0.00000000  24.00000000 
-10.16000000   0.00000000  24.00000000 
-10.15000000   0.00000000  24.00000000 
-10.14000000   0.00000000  24.00000000 
-10.13000000   0.00000000  24.00000000 
-10.12000000   0.00000000  24.00000000 
-10.11000000   0.00000000  24.00000000 
-10.10000000   0.00000000  24.00000000 
-10.09000000   0.00000000  24.00000000 
-10.08000000   0.00000000  24.00000000 
-10.07000000   0.00000000  24.00000000 
-10.06000000   0.00000000  24.00000000 
-10.05000000   0.00000000  24.00000000 
-10.04000000   0.00000000  24.00000000 
-10.03000000   0.00000000  24.00000000 
-10.02000000   0.00000000  24.00000000 
-10.01000000   0.00000000  24.00000000 
-10.00000000   0.00000000  24.00000000 
 -9.99000000   0.00000000  24.00000000 
 -9.98000000   0.00000000  24.00000000 
 -9.97000000   0.00000000  24.00000000 
 -9.96000000   0.00000000  24.00000000 
 -9.95000000   0.00000000  24.00000000 
 -9.94000000   0.00000000  24.00000000 
 -9.93000000   0.00000000  24.00000000 
 -9.92000000   0.00000000  24.00000000 
 -9.91000000   0.00000000  24.00000000 
 -9.90000000   0.00000000  24.00000000 
 -9.89000000   0.00000000  24.00000000 
 -9.88000000   0.00000000  24.00000000 
 -9.87000000   0.00000000  24.00000000 
 -9.86000000   0.00000000  24.00000000 
 -9.85000000   0.00000000  24.00000000 
 -9.84000000   0.00000000  24.00000000 
 -9.83000000   0.00000000  24.00000000 
 -9.82000000   0.00000000  24.00000000 
 -9.81000000   0.00000000  24.00000000 
 -9.80000000   0.00000000  24.00000000 
 -9.79000000   0.00000000  24.00000000 
 -9.78000000   0.00000000  24.00000000 
 -9.77000000   0.00000000  24.00000000 
 -9.76000000   0.00000000  24.00000000 
 -9.75000000   0.00000000  24.00000000 
 -9.74000000   0.00000000  24.00000000 
 -9.73000000   0.00000000  24.00000000 
 -9.72000000   0.00000000  24.00000000 
 -9.71000000   0.00000000  24.00000000 
 -9.70000000   0.00000000  24.00000000 
 -9.69000000   0.00000000  24.00000000 
 -9.68000000   0.00000000  24.00000000 
 -9.67000000   0.00000000  24.00000000 
 -9.66000000   0.00000000  24.00000000 
 -9.65000000   0.00000000  24.00000000 
 -9.64000000   0.00000000  24.00000000 
 -9.63000000   0.00000000  24.00000000 
 -9.62000000   0.00000000  24.00000000 
 -9.61000000   0.00000000  24.00000000 
 -9.60000000   0.00000000  24.00000000 
 -9.59000000   0.00000000  24.00000000 
 -9.58000000   0.00000000  24.00000000 
 -9.57000000   0.00000000  24.00000000 
 -9.56000000   0.00000000  24.00000000 
 -9.55000000   0.00000000  24.00000000 
 -9.54000000   0.00000000  24.00000000 
 -9.53000000   0.00000000  24.00000000 
 -9.52000000   0.00000000  24.00000000 
 -9.51000000   0.00000000  24.00000000 
 -9.50000000   0.00000000  24.00000000 
 -9.49000000   0.00000000  24.00000000 
 -9.48000000   0.00000000  24.00000000 
 -9.47000000   0.00000000  24.00000000 
 -9.46000000   0.00000000  24.00000000 
 -9.45000000   0.00000000  24.00000000 
 -9.44000000   0.00000000  24.00000000 
 -9.43000000   0.00000000  24.00000000 
 -9.42000000   0.00000000  24.00000000 
 -9.41000000   0.00000000  24.00000000 
 -9.40000000   0.00000000  24.00000000 
 -9.39000000   0.00000000  24.00000000 
 -9.38000000   0.00000000  24.00000000 
 -9.37000000   0.00000000  24.00000000 
 -9.36000000   0.00000000  24.00000000 
 -9.35000000   0.00000000  24.00000000 
 -9.34000000   0.00000000  24.00000000 
 -9.33000000   0.00000000  24.00000000 
 -9.32000000   0.00000000  24.00000000 
 -9.31000000   0.00000000  24.00000000 
 -9.30000000   0.00000000  24.00000000 
 -9.29000000   0.00000000  24.00000000 
 -9.28000000   0.00000000  24.00000000 
 -9.27000000   0.00000000  24.00000000 
 -9.26000000   0.00000000  24.00000000 
 -9.25000000   0.00000000  24.00000000 
 -9.24000000   0.00000000  24.00000000 
 -9.23000000   0.00000000  24.00000000 
 -9.22000000   0.00000000  24.00000000 
 -9.21000000   0.00000000  24.00000000 
 -9.20000000   0.00000000  24.00000000 
 -9.19000000   0.00000000  24.00000000 
 -9.18000000   0.00000000  24.00000000 
 -9.17000000   0.00000000  24.00000000 
 -9.16000000   0.00000000  24.00000000 
 -9.15000000   0.00000000  24.00000000 
 -9.14000000   0.00000000  24.00000000 
 -9.13000000   0.00000000  24.00000000 
 -9.12000000   0.00000000  24.00000000 
 -9.11000000   0.00000000  24.00000000 
 -9.10000000   0.00000000  24.00000000 
 -9.09000000   0.00000000  24.00000000 
 -9.08000000   0.00000000  24.00000000 
 -9.07000000   0.00000000  24.00000000 
 -9.06000000   0.00000000  24.00000000 
 -9.05000000   0.00000000  24.00000000 
 -9.04000000   0.00000000  24.00000000 
 -9.03000000   0.00000000  24.00000000 
 -9.02000000   0.00000000  24.00000000 
 -9.01000000   0.00000000  24.00000000 
 -9.00000000   0.00000000  24.00000000 
 -8.99000000   0.00000000  24.00000000 
 -8.98000000   0.00000000  24.00000000 
 -8.97000000   0.00000000  24.00000000 
 -8.96000000   0.00000000  24.00000000 
 -8.95000000   0.00000000  24.00000000 
 -8.94000000   0.00000000  24.00000000 
 -8.93000000   0.00000000  24.00000000 
 -8.92000000   0.00000000  24.00000000 
 -8.91000000   0.00000000  24.00000000 
 -8.90000000   0.00000000  24.00000000 
 -8.89000000   0.00000000  24.00000000 
 -8.88000000   0.00000000  24.00000000 
 -8.87000000   0.00000000  24.00000000 
 -8.86000000   0.00000000  24.00000000 
 -8.85000000   0.00000000  24.00000000 
 -8.84000000   0.00000000  24.00000000 
 -8.83000000   0.00000000  24.00000000 
 -8.82000000   0.00000000  24.00000000 
 -8.81000000   0.00000000  24.00000000 
 -8.80000000   0.00000000  24.00000000 
 -8.79000000   0.00000000  24.00000000 
 -8.78000000   0.00000000  24.00000000 
 -8.77000000   0.00000000  24.00000000 
 -8.76000000   0.00000000  24.00000000 
 -8.75000000   0.00000000  24.00000000 
 -8.74000000   0.00000000  24.00000000 
 -8.73000000   0.00000000  24.00000000 
 -8.72000000   0.00000000  24.00000000 
 -8.71000000   0.00000000  24.00000000 
 -8.70000000   0.00000000  24.00000000 
 -8.69000000   0.00000000  24.00000000 
 -8.68000000   0.00000000  24.00000000 
 -8.67000000   0.00000000  24.00000000 
 -8.66000000   0.00000000  24.00000000 
 -8.65000000   0.00000000  24.00000000 
 -8.64000000   0.00000000  24.00000000 
 -8.63000000   0.00000000  24.00000000 
 -8.62000000   0.00000000  24.00000000 
 -8.61000000   0.00000000  24.00000000 
 -8.60000000   0.00000000  24.00000000 
 -8.59000000   0.00000000  24.00000000 
 -8.58000000   0.00000000  24.00000000 
 -8.57000000   0.00000000  24.00000000 
 -8.56000000   0.00000000  24.00000000 
 -8.55000000   0.00000000  24.00000000 
 -8.54000000   0.00000000  24.00000000 
 -8.53000000   0.00000000  24.00000000 
 -8.52000000   0.00000000  24.00000000 
 -8.51000000   0.00000000  24.00000000 
 -8.50000000   0.00000000  24.00000000 
 -8.49000000   0.00000000  24.00000000 
 -8.48000000   0.00000000  24.00000000 
 -8.47000000   0.00000000  24.00000000 
 -8.46000000   0.00000000  24.00000000 
 -8.45000000   0.00000000  24.00000000 
 -8.44000000   0.00000000  24.00000000 
 -8.43000000   0.00000000  24.00000000 
 -8.42000000   0.00000000  24.00000000 
 -8.41000000   0.00000000  24.00000000 
 -8.40000000   0.00000000  24.00000000 
 -8.39000000   0.00000000  24.00000000 
 -8.38000000   0.00000000  24.00000000 
 -8.37000000   0.00000000  24.00000000 
 -8.36000000   0.00000000  24.00000000 
 -8.35000000   0.00000000  24.00000000 
 -8.34000000   0.00000000  24.00000000 
 -8.33000000   0.00000000  24.00000000 
 -8.32000000   0.00000000  24.00000000 
 -8.31000000   0.00000000  24.00000000 
 -8.30000000   0.00000000  24.00000000 
 -8.29000000   0.00000000  24.00000000 
 -8.28000000   0.00000000  24.00000000 
 -8.27000000   0.00000000  24.00000000 
 -8.26000000   0.00000000  24.00000000 
 -8.25000000   0.00000000  24.00000000 
 -8.24000000   0.00000000  24.00000000 
 -8.23000000   0.00000000  24.00000000 
 -8.22000000   0.00000000  24.00000000 
 -8.21000000   0.00000000  24.00000000 
 -8.20000000   0.00000000  24.00000000 
 -8.19000000   0.00000000  24.00000000 
 -8.18000000   0.00000000  24.00000000 
 -8.17000000   0.00000000  24.00000000 
 -8.16000000   0.00000000  24.00000000 
 -8.15000000   0.00000000  24.00000000 
 -8.14000000   0.00000000  24.00000000 
 -8.13000000   0.00000000  24.00000000 
 -8.12000000   0.00000000  24.00000000 
 -8.11000000   0.00000000  24.00000000 
 -8.10000000   0.00000000  24.00000000 
 -8.09000000   0.00000000  24.00000000 
 -8.08000000   0.00000000  24.00000000 
 -8.07000000   0.00000000  24.00000000 
 -8.06000000   0.00000000  24.00000000 
 -8.05000000   0.00000000  24.00000000 
 -8.04000000   0.00000000  24.00000000 
 -8.03000000   0.00000000  24.00000000 
 -8.02000000   0.00000000  24.00000000 
 -8.01000000   0.00000000  24.00000000 
 -8.00000000   0.00000001  24.00000000 
 -7.99000000   0.00000002  24.00000000 
 -7.98000000   0.00000004  24.00000000 
 -7.97000000   0.00000009  24.00000000 
 -7.96000000   0.00000020  24.00000000 
 -7.95000000   0.00000042  24.00000000 
 -7.94000000   0.00000088  24.00000000 
 -7.93000000   0.00000181  24.00000000 
 -7.92000000   0.00000363  24.00000000 
 -7.91000000   0.00000713  24.00000000 
 -7.90000000   0.00001375  24.00000000 
 -7.89000000   0.00002600  24.00000000 
 -7.88000000   0.00004824  24.00000000 
 -7.87000000   0.00008780  24.00000000 
 -7.86000000   0.00015680  24.00000000 
 -7.85000000   0.00027460  24.00000000 
 -7.84000000   0.00047210  24.00000000 
 -7.83000000   0.00079630  24.00000000 
 -7.82000000   0.00131800  24.00000000 
 -7.81000000   0.00214200  24.00000000 
 -7.80000000   0.00341600  24.00000000 
 -7.79000000   0.00534800  24.00000000 
 -7.78000000   0.00822100  24.00000000 
 -7.77000000   0.01241000  24.00000000 
 -7.76000000   0.01840000  24.00000000 
 -7.75000000   0.02679000  24.00000000 
 -7.74000000   0.03834000  24.00000000 
 -7.73000000   0.05390000  24.00000000 
 -7.72000000   0.07447000  24.00000000 
 -7.71000000   0.10110000  24.00000000 
 -7.70000000   0.13510000  24.00000000 
 -7.69000000   0.17730000  24.01000000 
 -7.68000000   0.22910000  24.01000000 
 -7.67000000   0.29100000  24.01000000 
 -7.66000000   0.36390000  24.02000000 
 -7.65000000   0.44770000  24.02000000 
 -7.64000000   0.54230000  24.03000000 
 -7.63000000   0.64690000  24.03000000 
 -7.62000000   0.75990000  24.04000000 
 -7.61000000   0.87950000  24.05000000 
 -7.60000000   1.00300000  24.06000000 
 -7.59000000   1.12800000  24.07000000 
 -7.58000000   1.25000000  24.08000000 
 -7.57000000   1.36800000  24.10000000 
 -7.56000000   1.47700000  24.11000000 
 -7.55000000   1.57500000  24.13000000 
 -7.54000000   1.66000000  24.14000000 
 -7.53000000   1.73100000  24.16000000 
 -7.52000000   1.78800000  24.18000000 
 -7.51000000   1.83200000  24.20000000 
 -7.50000000   1.86300000  24.21000000 
 -7.49000000   1.88500000  24.23000000 
 -7.48000000   1.90200000  24.25000000 
 -7.47000000   1.91700000  24.27000000 
 -7.46000000   1.93300000  24.29000000 
 -7.45000000   1.95600000  24.31000000 
 -7.44000000   1.99000000  24.33000000 
 -7.43000000   2.03600000  24.35000000 
 -7.42000000   2.09900000  24.37000000 
 -7.41000000   2.18000000  24.39000000 
 -7.40000000   2.28100000  24.42000000 
 -7.39000000   2.40000000  24.44000000 
 -7.38000000   2.53700000  24.47000000 
 -7.37000000   2.69100000  24.49000000 
 -7.36000000   2.85900000  24.52000000 
 -7.35000000   3.03800000  24.55000000 
 -7.34000000   3.22400000  24.58000000 
 -7.33000000   3.41300000  24.62000000 
 -7.32000000   3.60300000  24.65000000 
 -7.31000000   3.78800000  24.69000000 
 -7.30000000   3.96500000  24.73000000 
 -7.29000000   4.13200000  24.77000000 
 -7.28000000   4.28600000  24.82000000 
 -7.27000000   4.42700000  24.86000000 
 -7.26000000   4.55200000  24.91000000 
 -7.25000000   4.66400000  24.95000000 
 -7.24000000   4.76100000  25.00000000 
 -7.23000000   4.84600000  25.05000000 
 -7.22000000   4.92100000  25.10000000 
 -7.21000000   4.98800000  25.15000000 
 -7.20000000   5.04900000  25.20000000 
 -7.19000000   5.10700000  25.25000000 
 -7.18000000   5.16300000  25.30000000 
 -7.17000000   5.21900000  25.35000000 
 -7.16000000   5.27600000  25.41000000 
 -7.15000000   5.33400000  25.46000000 
 -7.14000000   5.39400000  25.51000000 
 -7.13000000   5.45400000  25.57000000 
 -7.12000000   5.51200000  25.62000000 
 -7.11000000   5.56700000  25.68000000 
 -7.10000000   5.61700000  25.73000000 
 -7.09000000   5.65900000  25.79000000 
 -7.08000000   5.69200000  25.85000000 
 -7.07000000   5.71500000  25.91000000 
 -7.06000000   5.72700000  25.96000000 
 -7.05000000   5.73000000  26.02000000 
 -7.04000000   5.72600000  26.08000000 
 -7.03000000   5.72000000  26.13000000 
 -7.02000000   5.71500000  26.19000000 
 -7.01000000   5.71800000  26.25000000 
 -7.00000000   5.73300000  26.31000000 
 -6.99000000   5.76500000  26.36000000 
 -6.98000000   5.81800000  26.42000000 
 -6.97000000   5.89300000  26.48000000 
 -6.96000000   5.99100000  26.54000000 
 -6.95000000   6.11000000  26.60000000 
 -6.94000000   6.24500000  26.66000000 
 -6.93000000   6.39000000  26.73000000 
 -6.92000000   6.53900000  26.79000000 
 -6.91000000   6.68500000  26.86000000 
 -6.90000000   6.82200000  26.93000000 
 -6.89000000   6.94300000  27.00000000 
 -6.88000000   7.04500000  27.07000000 
 -6.87000000   7.12600000  27.14000000 
 -6.86000000   7.18500000  27.21000000 
 -6.85000000   7.22600000  27.28000000 
 -6.84000000   7.25100000  27.36000000 
 -6.83000000   7.26700000  27.43000000 
 -6.82000000   7.28000000  27.50000000 
 -6.81000000   7.29800000  27.57000000 
 -6.80000000   7.32900000  27.65000000 
 -6.79000000   7.37800000  27.72000000 
 -6.78000000   7.45400000  27.80000000 
 -6.77000000   7.56200000  27.87000000 
 -6.76000000   7.70500000  27.95000000 
 -6.75000000   7.88800000  28.03000000 
 -6.74000000   8.11100000  28.11000000 
 -6.73000000   8.37400000  28.19000000 
 -6.72000000   8.67400000  28.28000000 
 -6.71000000   9.00700000  28.37000000 
 -6.70000000   9.36500000  28.46000000 
 -6.69000000   9.74100000  28.56000000 
 -6.68000000  10.12000000  28.66000000 
 -6.67000000  10.50000000  28.77000000 
 -6.66000000  10.85000000  28.88000000 
 -6.65000000  11.18000000  28.99000000 
 -6.64000000  11.46000000  29.10000000 
 -6.63000000  11.68000000  29.22000000 
 -6.62000000  11.85000000  29.34000000 
 -6.61000000  11.94000000  29.46000000 
 -6.60000000  11.96000000  29.58000000 
 -6.59000000  11.92000000  29.70000000 
 -6.58000000  11.81000000  29.81000000 
 -6.57000000  11.65000000  29.93000000 
 -6.56000000  11.44000000  30.04000000 
 -6.55000000  11.20000000  30.16000000 
 -6.54000000  10.93000000  30.27000000 
 -6.53000000  10.66000000  30.37000000 
 -6.52000000  10.37000000  30.48000000 
 -6.51000000  10.10000000  30.58000000 
 -6.50000000   9.83300000  30.68000000 
 -6.49000000   9.58300000  30.77000000 
 -6.48000000   9.35000000  30.86000000 
 -6.47000000   9.13400000  30.96000000 
 -6.46000000   8.93400000  31.05000000 
 -6.45000000   8.74900000  31.13000000 
 -6.44000000   8.57500000  31.22000000 
 -6.43000000   8.41300000  31.30000000 
 -6.42000000   8.25900000  31.39000000 
 -6.41000000   8.11300000  31.47000000 
 -6.40000000   7.97600000  31.55000000 
 -6.39000000   7.84800000  31.62000000 
 -6.38000000   7.73200000  31.70000000 
 -6.37000000   7.62900000  31.78000000 
 -6.36000000   7.54300000  31.85000000 
 -6.35000000   7.47700000  31.93000000 
 -6.34000000   7.43200000  32.00000000 
 -6.33000000   7.41200000  32.08000000 
 -6.32000000   7.41600000  32.15000000 
 -6.31000000   7.44700000  32.23000000 
 -6.30000000   7.50100000  32.30000000 
 -6.29000000   7.57900000  32.38000000 
 -6.28000000   7.67700000  32.45000000 
 -6.27000000   7.79100000  32.53000000 
 -6.26000000   7.91600000  32.61000000 
 -6.25000000   8.04600000  32.69000000 
 -6.24000000   8.17500000  32.77000000 
 -6.23000000   8.29500000  32.86000000 
 -6.22000000   8.39900000  32.94000000 
 -6.21000000   8.47900000  33.02000000 
 -6.20000000   8.52700000  33.11000000 
 -6.19000000   8.53700000  33.19000000 
 -6.18000000   8.50200000  33.28000000 
 -6.17000000   8.41900000  33.36000000 
 -6.16000000   8.28600000  33.45000000 
 -6.15000000   8.10400000  33.53000000 
 -6.14000000   7.87500000  33.61000000 
 -6.13000000   7.60800000  33.68000000 
 -6.12000000   7.31000000  33.76000000 
 -6.11000000   6.99300000  33.83000000 
 -6.10000000   6.66800000  33.89000000 
 -6.09000000   6.34800000  33.96000000 
 -6.08000000   6.04400000  34.02000000 
 -6.07000000   5.76400000  34.07000000 
 -6.06000000   5.51600000  34.13000000 
 -6.05000000   5.30500000  34.18000000 
 -6.04000000   5.13000000  34.23000000 
 -6.03000000   4.99100000  34.28000000 
 -6.02000000   4.88400000  34.33000000 
 -6.01000000   4.80300000  34.38000000 
 -6.00000000   4.74400000  34.43000000 
 -5.99000000   4.69900000  34.47000000 
 -5.98000000   4.66500000  34.52000000 
 -5.97000000   4.63900000  34.57000000 
 -5.96000000   4.62000000  34.61000000 
 -5.95000000   4.60800000  34.66000000 
 -5.94000000   4.60400000  34.71000000 
 -5.93000000   4.61200000  34.75000000 
 -5.92000000   4.63400000  34.80000000 
 -5.91000000   4.67400000  34.85000000 
 -5.90000000   4.73300000  34.89000000 
 -5.89000000   4.81200000  34.94000000 
 -5.88000000   4.91000000  34.99000000 
 -5.87000000   5.02500000  35.04000000 
 -5.86000000   5.15300000  35.09000000 
 -5.85000000   5.28800000  35.14000000 
 -5.84000000   5.42600000  35.20000000 
 -5.83000000   5.55900000  35.25000000 
 -5.82000000   5.68300000  35.31000000 
 -5.81000000   5.79000000  35.37000000 
 -5.80000000   5.87800000  35.43000000 
 -5.79000000   5.94200000  35.49000000 
 -5.78000000   5.98100000  35.55000000 
 -5.77000000   5.99600000  35.61000000 
 -5.76000000   5.98700000  35.67000000 
 -5.75000000   5.95800000  35.73000000 
 -5.74000000   5.91400000  35.79000000 
 -5.73000000   5.85900000  35.84000000 
 -5.72000000   5.80000000  35.90000000 
 -5.71000000   5.74100000  35.96000000 
 -5.70000000   5.68900000  36.02000000 
 -5.69000000   5.64800000  36.07000000 
 -5.68000000   5.62100000  36.13000000 
 -5.67000000   5.61000000  36.19000000 
 -5.66000000   5.61500000  36.24000000 
 -5.65000000   5.63600000  36.30000000 
 -5.64000000   5.67000000  36.35000000 
 -5.63000000   5.71400000  36.41000000 
 -5.62000000   5.76700000  36.47000000 
 -5.61000000   5.82400000  36.53000000 
 -5.60000000   5.88200000  36.59000000 
 -5.59000000   5.94000000  36.65000000 
 -5.58000000   5.99500000  36.71000000 
 -5.57000000   6.04700000  36.77000000 
 -5.56000000   6.09400000  36.83000000 
 -5.55000000   6.13700000  36.89000000 
 -5.54000000   6.17700000  36.95000000 
 -5.53000000   6.21200000  37.01000000 
 -5.52000000   6.24200000  37.07000000 
 -5.51000000   6.26700000  37.14000000 
 -5.50000000   6.28600000  37.20000000 
 -5.49000000   6.29600000  37.26000000 
 -5.48000000   6.29700000  37.33000000 
 -5.47000000   6.28600000  37.39000000 
 -5.46000000   6.26300000  37.45000000 
 -5.45000000   6.22800000  37.51000000 
 -5.44000000   6.18200000  37.58000000 
 -5.43000000   6.12800000  37.64000000 
 -5.42000000   6.07100000  37.70000000 
 -5.41000000   6.01400000  37.76000000 
 -5.40000000   5.96500000  37.82000000 
 -5.39000000   5.92900000  37.88000000 
 -5.38000000   5.91100000  37.94000000 
 -5.37000000   5.91700000  38.00000000 
 -5.36000000   5.94700000  38.05000000 
 -5.35000000   6.00300000  38.11000000 
 -5.34000000   6.08400000  38.18000000 
 -5.33000000   6.18300000  38.24000000 
 -5.32000000   6.29600000  38.30000000 
 -5.31000000   6.41400000  38.36000000 
 -5.30000000   6.52700000  38.43000000 
 -5.29000000   6.62500000  38.50000000 
 -5.28000000   6.70000000  38.56000000 
 -5.27000000   6.74200000  38.63000000 
 -5.26000000   6.74400000  38.70000000 
 -5.25000000   6.70200000  38.77000000 
 -5.24000000   6.61300000  38.83000000 
 -5.23000000   6.47800000  38.90000000 
 -5.22000000   6.30100000  38.96000000 
 -5.21000000   6.08800000  39.02000000 
 -5.20000000   5.84600000  39.08000000 
 -5.19000000   5.58600000  39.13000000 
 -5.18000000   5.32000000  39.19000000 
 -5.17000000   5.05800000  39.24000000 
 -5.16000000   4.81400000  39.29000000 
 -5.15000000   4.59900000  39.33000000 
 -5.14000000   4.42200000  39.38000000 
 -5.13000000   4.29200000  39.42000000 
 -5.12000000   4.21500000  39.46000000 
 -5.11000000   4.19300000  39.50000000 
 -5.10000000   4.22900000  39.55000000 
 -5.09000000   4.31900000  39.59000000 
 -5.08000000   4.45800000  39.63000000 
 -5.07000000   4.64000000  39.68000000 
 -5.06000000   4.85500000  39.73000000 
 -5.05000000   5.09300000  39.78000000 
 -5.04000000   5.34500000  39.83000000 
 -5.03000000   5.59900000  39.89000000 
 -5.02000000   5.84600000  39.95000000 
 -5.01000000   6.07800000  40.01000000 
 -5.00000000   6.28900000  40.07000000 
 -4.99000000   6.47300000  40.14000000 
 -4.98000000   6.62900000  40.20000000 
 -4.97000000   6.75600000  40.27000000 
 -4.96000000   6.85600000  40.34000000 
 -4.95000000   6.93300000  40.41000000 
 -4.94000000   6.98900000  40.48000000 
 -4.93000000   7.03100000  40.55000000 
 -4.92000000   7.06300000  40.62000000 
 -4.91000000   7.08900000  40.69000000 
 -4.90000000   7.11500000  40.76000000 
 -4.89000000   7.14300000  40.83000000 
 -4.88000000   7.17500000  40.90000000 
 -4.87000000   7.21200000  40.98000000 
 -4.86000000   7.25500000  41.05000000 
 -4.85000000   7.30300000  41.12000000 
 -4.84000000   7.35300000  41.19000000 
 -4.83000000   7.40500000  41.27000000 
 -4.82000000   7.45500000  41.34000000 
 -4.81000000   7.50100000  41.42000000 
 -4.80000000   7.54000000  41.49000000 
 -4.79000000   7.57000000  41.57000000 
 -4.78000000   7.59000000  41.65000000 
 -4.77000000   7.59700000  41.72000000 
 -4.76000000   7.59100000  41.80000000 
 -4.75000000   7.57100000  41.87000000 
 -4.74000000   7.53600000  41.95000000 
 -4.73000000   7.48800000  42.02000000 
 -4.72000000   7.42600000  42.10000000 
 -4.71000000   7.35400000  42.17000000 
 -4.70000000   7.27400000  42.24000000 
 -4.69000000   7.18800000  42.32000000 
 -4.68000000   7.10200000  42.39000000 
 -4.67000000   7.01900000  42.46000000 
 -4.66000000   6.94500000  42.53000000 
 -4.65000000   6.88400000  42.59000000 
 -4.64000000   6.84100000  42.66000000 
 -4.63000000   6.82100000  42.73000000 
 -4.62000000   6.82600000  42.80000000 
 -4.61000000   6.85800000  42.87000000 
 -4.60000000   6.91800000  42.94000000 
 -4.59000000   7.00400000  43.01000000 
 -4.58000000   7.11400000  43.08000000 
 -4.57000000   7.24400000  43.15000000 
 -4.56000000   7.38700000  43.23000000 
 -4.55000000   7.53900000  43.30000000 
 -4.54000000   7.69200000  43.38000000 
 -4.53000000   7.84200000  43.46000000 
 -4.52000000   7.98300000  43.54000000 
 -4.51000000   8.11200000  43.62000000 
 -4.50000000   8.22700000  43.70000000 
 -4.49000000   8.32800000  43.78000000 
 -4.48000000   8.41700000  43.87000000 
 -4.47000000   8.49500000  43.95000000 
 -4.46000000   8.56900000  44.04000000 
 -4.45000000   8.64100000  44.12000000 
 -4.44000000   8.71900000  44.21000000 
 -4.43000000   8.80500000  44.30000000 
 -4.42000000   8.90500000  44.39000000 
 -4.41000000   9.02100000  44.48000000 
 -4.40000000   9.15400000  44.57000000 
 -4.39000000   9.30400000  44.66000000 
 -4.38000000   9.46900000  44.76000000 
 -4.37000000   9.64400000  44.85000000 
 -4.36000000   9.82400000  44.95000000 
 -4.35000000  10.00000000  45.05000000 
 -4.34000000  10.17000000  45.15000000 
 -4.33000000  10.32000000  45.26000000 
 -4.32000000  10.46000000  45.36000000 
 -4.31000000  10.56000000  45.47000000 
 -4.30000000  10.63000000  45.57000000 
 -4.29000000  10.67000000  45.68000000 
 -4.28000000  10.67000000  45.79000000 
 -4.27000000  10.65000000  45.89000000 
 -4.26000000  10.60000000  46.00000000 
 -4.25000000  10.52000000  46.10000000 
 -4.24000000  10.43000000  46.21000000 
 -4.23000000  10.33000000  46.31000000 
 -4.22000000  10.22000000  46.41000000 
 -4.21000000  10.11000000  46.52000000 
 -4.20000000  10.00000000  46.62000000 
 -4.19000000   9.91200000  46.71000000 
 -4.18000000   9.83300000  46.81000000 
 -4.17000000   9.77300000  46.91000000 
 -4.16000000   9.73200000  47.01000000 
 -4.15000000   9.71200000  47.10000000 
 -4.14000000   9.71200000  47.20000000 
 -4.13000000   9.73200000  47.30000000 
 -4.12000000   9.77000000  47.40000000 
 -4.11000000   9.82200000  47.50000000 
 -4.10000000   9.88500000  47.59000000 
 -4.09000000   9.95600000  47.69000000 
 -4.08000000  10.03000000  47.79000000 
 -4.07000000  10.11000000  47.90000000 
 -4.06000000  10.18000000  48.00000000 
 -4.05000000  10.26000000  48.10000000 
 -4.04000000  10.34000000  48.20000000 
 -4.03000000  10.42000000  48.31000000 
 -4.02000000  10.52000000  48.41000000 
 -4.01000000  10.63000000  48.52000000 
 -4.00000000  10.77000000  48.63000000 
 -3.99000000  10.93000000  48.74000000 
 -3.98000000  11.12000000  48.85000000 
 -3.97000000  11.34000000  48.96000000 
 -3.96000000  11.58000000  49.08000000 
 -3.95000000  11.84000000  49.19000000 
 -3.94000000  12.12000000  49.32000000 
 -3.93000000  12.39000000  49.44000000 
 -3.92000000  12.65000000  49.57000000 
 -3.91000000  12.89000000  49.69000000 
 -3.90000000  13.08000000  49.83000000 
 -3.89000000  13.23000000  49.96000000 
 -3.88000000  13.32000000  50.09000000 
 -3.87000000  13.35000000  50.22000000 
 -3.86000000  13.32000000  50.36000000 
 -3.85000000  13.23000000  50.49000000 
 -3.84000000  13.09000000  50.62000000 
 -3.83000000  12.90000000  50.75000000 
 -3.82000000  12.67000000  50.88000000 
 -3.81000000  12.41000000  51.00000000 
 -3.80000000  12.14000000  51.12000000 
 -3.79000000  11.87000000  51.24000000 
 -3.78000000  11.59000000  51.36000000 
 -3.77000000  11.33000000  51.47000000 
 -3.76000000  11.08000000  51.58000000 
 -3.75000000  10.86000000  51.69000000 
 -3.74000000  10.66000000  51.80000000 
 -3.73000000  10.50000000  51.90000000 
 -3.72000000  10.36000000  52.00000000 
 -3.71000000  10.25000000  52.11000000 
 -3.70000000  10.18000000  52.21000000 
 -3.69000000  10.13000000  52.31000000 
 -3.68000000  10.10000000  52.41000000 
 -3.67000000  10.08000000  52.51000000 
 -3.66000000  10.09000000  52.61000000 
 -3.65000000  10.10000000  52.71000000 
 -3.64000000  10.12000000  52.82000000 
 -3.63000000  10.15000000  52.92000000 
 -3.62000000  10.19000000  53.02000000 
 -3.61000000  10.22000000  53.12000000 
 -3.60000000  10.26000000  53.22000000 
 -3.59000000  10.31000000  53.33000000 
 -3.58000000  10.37000000  53.43000000 
 -3.57000000  10.44000000  53.53000000 
 -3.56000000  10.52000000  53.64000000 
 -3.55000000  10.61000000  53.75000000 
 -3.54000000  10.71000000  53.85000000 
 -3.53000000  10.83000000  53.96000000 
 -3.52000000  10.95000000  54.07000000 
 -3.51000000  11.09000000  54.18000000 
 -3.50000000  11.23000000  54.29000000 
 -3.49000000  11.36000000  54.41000000 
 -3.48000000  11.50000000  54.52000000 
 -3.47000000  11.62000000  54.64000000 
 -3.46000000  11.73000000  54.76000000 
 -3.45000000  11.82000000  54.87000000 
 -3.44000000  11.89000000  54.99000000 
 -3.43000000  11.94000000  55.11000000 
 -3.42000000  11.95000000  55.23000000 
 -3.41000000  11.95000000  55.35000000 
 -3.40000000  11.92000000  55.47000000 
 -3.39000000  11.87000000  55.59000000 
 -3.38000000  11.81000000  55.71000000 
 -3.37000000  11.74000000  55.83000000 
 -3.36000000  11.68000000  55.94000000 
 -3.35000000  11.62000000  56.06000000 
 -3.34000000  11.59000000  56.17000000 
 -3.33000000  11.58000000  56.29000000 
 -3.32000000  11.61000000  56.41000000 
 -3.31000000  11.68000000  56.52000000 
 -3.30000000  11.79000000  56.64000000 
 -3.29000000  11.93000000  56.76000000 
 -3.28000000  12.10000000  56.88000000 
 -3.27000000  12.29000000  57.00000000 
 -3.26000000  12.49000000  57.13000000 
 -3.25000000  12.69000000  57.26000000 
 -3.24000000  12.88000000  57.38000000 
 -3.23000000  13.04000000  57.51000000 
 -3.22000000  13.16000000  57.65000000 
 -3.21000000  13.23000000  57.78000000 
 -3.20000000  13.26000000  57.91000000 
 -3.19000000  13.24000000  58.04000000 
 -3.18000000  13.17000000  58.18000000 
 -3.17000000  13.06000000  58.31000000 
 -3.16000000  12.92000000  58.44000000 
 -3.15000000  12.76000000  58.56000000 
 -3.14000000  12.58000000  58.69000000 
 -3.13000000  12.40000000  58.81000000 
 -3.12000000  12.22000000  58.94000000 
 -3.11000000  12.05000000  59.06000000 
 -3.10000000  11.90000000  59.17000000 
 -3.09000000  11.77000000  59.29000000 
 -3.08000000  11.66000000  59.41000000 
 -3.07000000  11.57000000  59.52000000 
 -3.06000000  11.50000000  59.64000000 
 -3.05000000  11.45000000  59.75000000 
 -3.04000000  11.43000000  59.87000000 
 -3.03000000  11.43000000  59.98000000 
 -3.02000000  11.46000000  60.10000000 
 -3.01000000  11.52000000  60.21000000 
 -3.00000000  11.61000000  60.33000000 
 -2.99000000  11.74000000  60.45000000 
 -2.98000000  11.90000000  60.56000000 
 -2.97000000  12.10000000  60.69000000 
 -2.96000000  12.34000000  60.81000000 
 -2.95000000  12.61000000  60.94000000 
 -2.94000000  12.92000000  61.06000000 
 -2.93000000  13.25000000  61.20000000 
 -2.92000000  13.60000000  61.33000000 
 -2.91000000  13.96000000  61.47000000 
 -2.90000000  14.32000000  61.62000000 
 -2.89000000  14.67000000  61.76000000 
 -2.88000000  15.01000000  61.91000000 
 -2.87000000  15.31000000  62.07000000 
 -2.86000000  15.58000000  62.22000000 
 -2.85000000  15.82000000  62.38000000 
 -2.84000000  16.01000000  62.54000000 
 -2.83000000  16.15000000  62.70000000 
 -2.82000000  16.25000000  62.86000000 
 -2.81000000  16.31000000  63.03000000 
 -2.80000000  16.32000000  63.19000000 
 -2.79000000  16.30000000  63.35000000 
 -2.78000000  16.25000000  63.52000000 
 -2.77000000  16.17000000  63.68000000 
 -2.76000000  16.06000000  63.84000000 
 -2.75000000  15.94000000  64.00000000 
 -2.74000000  15.80000000  64.16000000 
 -2.73000000  15.65000000  64.31000000 
 -2.72000000  15.50000000  64.47000000 
 -2.71000000  15.34000000  64.62000000 
 -2.70000000  15.19000000  64.77000000 
 -2.69000000  15.04000000  64.92000000 
 -2.68000000  14.90000000  65.07000000 
 -2.67000000  14.78000000  65.22000000 
 -2.66000000  14.67000000  65.37000000 
 -2.65000000  14.58000000  65.51000000 
 -2.64000000  14.51000000  65.66000000 
 -2.63000000  14.46000000  65.80000000 
 -2.62000000  14.43000000  65.95000000 
 -2.61000000  14.41000000  66.09000000 
 -2.60000000  14.39000000  66.23000000 
 -2.59000000  14.38000000  66.38000000 
 -2.58000000  14.36000000  66.52000000 
 -2.57000000  14.33000000  66.67000000 
 -2.56000000  14.29000000  66.81000000 
 -2.55000000  14.21000000  66.95000000 
 -2.54000000  14.11000000  67.09000000 
 -2.53000000  13.97000000  67.23000000 
 -2.52000000  13.79000000  67.37000000 
 -2.51000000  13.58000000  67.50000000 
 -2.50000000  13.33000000  67.64000000 
 -2.49000000  13.05000000  67.77000000 
 -2.48000000  12.74000000  67.90000000 
 -2.47000000  12.41000000  68.02000000 
 -2.46000000  12.06000000  68.14000000 
 -2.45000000  11.70000000  68.26000000 
 -2.44000000  11.34000000  68.37000000 
 -2.43000000  10.98000000  68.48000000 
 -2.42000000  10.63000000  68.59000000 
 -2.41000000  10.29000000  68.69000000 
 -2.40000000   9.96900000  68.79000000 
 -2.39000000   9.66500000  68.89000000 
 -2.38000000   9.38400000  68.98000000 
 -2.37000000   9.12600000  69.07000000 
 -2.36000000   8.89300000  69.16000000 
 -2.35000000   8.68600000  69.25000000 
 -2.34000000   8.50500000  69.33000000 
 -2.33000000   8.35100000  69.42000000 
 -2.32000000   8.22300000  69.50000000 
 -2.31000000   8.12100000  69.58000000 
 -2.30000000   8.04400000  69.66000000 
 -2.29000000   7.99200000  69.74000000 
 -2.28000000   7.96400000  69.82000000 
 -2.27000000   7.96100000  69.90000000 
 -2.26000000   7.98000000  69.98000000 
 -2.25000000   8.02300000  70.06000000 
 -2.24000000   8.08900000  70.14000000 
 -2.23000000   8.17700000  70.22000000 
 -2.22000000   8.28800000  70.30000000 
 -2.21000000   8.42100000  70.39000000 
 -2.20000000   8.57600000  70.47000000 
 -2.19000000   8.75200000  70.56000000 
 -2.18000000   8.95000000  70.65000000 
 -2.17000000   9.16900000  70.74000000 
 -2.16000000   9.40900000  70.84000000 
 -2.15000000   9.66900000  70.93000000 
 -2.14000000   9.95000000  71.03000000 
 -2.13000000  10.25000000  71.14000000 
 -2.12000000  10.57000000  71.24000000 
 -2.11000000  10.91000000  71.35000000 
 -2.10000000  11.26000000  71.46000000 
 -2.09000000  11.63000000  71.58000000 
 -2.08000000  12.01000000  71.70000000 
 -2.07000000  12.40000000  71.82000000 
 -2.06000000  12.79000000  71.95000000 
 -2.05000000  13.17000000  72.08000000 
 -2.04000000  13.55000000  72.22000000 
 -2.03000000  13.91000000  72.36000000 
 -2.02000000  14.24000000  72.50000000 
 -2.01000000  14.55000000  72.65000000 
 -2.00000000  14.82000000  72.79000000 
 -1.99000000  15.05000000  72.94000000 
 -1.98000000  15.25000000  73.10000000 
 -1.97000000  15.40000000  73.25000000 
 -1.96000000  15.51000000  73.41000000 
 -1.95000000  15.58000000  73.56000000 
 -1.94000000  15.64000000  73.72000000 
 -1.93000000  15.67000000  73.87000000 
 -1.92000000  15.69000000  74.03000000 
 -1.91000000  15.72000000  74.19000000 
 -1.90000000  15.75000000  74.35000000 
 -1.89000000  15.79000000  74.50000000 
 -1.88000000  15.85000000  74.66000000 
 -1.87000000  15.92000000  74.82000000 
 -1.86000000  16.00000000  74.98000000 
 -1.85000000  16.09000000  75.14000000 
 -1.84000000  16.16000000  75.30000000 
 -1.83000000  16.22000000  75.47000000 
 -1.82000000  16.26000000  75.63000000 
 -1.81000000  16.26000000  75.79000000 
 -1.80000000  16.24000000  75.95000000 
 -1.79000000  16.18000000  76.12000000 
 -1.78000000  16.10000000  76.28000000 
 -1.77000000  16.00000000  76.44000000 
 -1.76000000  15.89000000  76.60000000 
 -1.75000000  15.78000000  76.75000000 
 -1.74000000  15.69000000  76.91000000 
 -1.73000000  15.63000000  77.07000000 
 -1.72000000  15.60000000  77.22000000 
 -1.71000000  15.61000000  77.38000000 
 -1.70000000  15.67000000  77.54000000 
 -1.69000000  15.78000000  77.69000000 
 -1.68000000  15.92000000  77.85000000 
 -1.67000000  16.10000000  78.01000000 
 -1.66000000  16.31000000  78.18000000 
 -1.65000000  16.53000000  78.34000000 
 -1.64000000  16.76000000  78.51000000 
 -1.63000000  16.99000000  78.68000000 
 -1.62000000  17.22000000  78.85000000 
 -1.61000000  17.44000000  79.03000000 
 -1.60000000  17.64000000  79.20000000 
 -1.59000000  17.82000000  79.38000000 
 -1.58000000  17.99000000  79.56000000 
 -1.57000000  18.15000000  79.74000000 
 -1.56000000  18.28000000  79.93000000 
 -1.55000000  18.40000000  80.11000000 
 -1.54000000  18.51000000  80.29000000 
 -1.53000000  18.59000000  80.48000000 
 -1.52000000  18.66000000  80.67000000 
 -1.51000000  18.71000000  80.85000000 
 -1.50000000  18.73000000  81.04000000 
 -1.49000000  18.75000000  81.23000000 
 -1.48000000  18.74000000  81.42000000 
 -1.47000000  18.73000000  81.60000000 
 -1.46000000  18.70000000  81.79000000 
 -1.45000000  18.66000000  81.98000000 
 -1.44000000  18.61000000  82.16000000 
 -1.43000000  18.55000000  82.35000000 
 -1.42000000  18.49000000  82.53000000 
 -1.41000000  18.42000000  82.72000000 
 -1.40000000  18.35000000  82.90000000 
 -1.39000000  18.27000000  83.08000000 
 -1.38000000  18.19000000  83.27000000 
 -1.37000000  18.11000000  83.45000000 
 -1.36000000  18.03000000  83.63000000 
 -1.35000000  17.96000000  83.81000000 
 -1.34000000  17.90000000  83.99000000 
 -1.33000000  17.87000000  84.16000000 
 -1.32000000  17.85000000  84.34000000 
 -1.31000000  17.86000000  84.52000000 
 -1.30000000  17.91000000  84.70000000 
 -1.29000000  17.97000000  84.88000000 
 -1.28000000  18.07000000  85.06000000 
 -1.27000000  18.18000000  85.24000000 
 -1.26000000  18.30000000  85.43000000 
 -1.25000000  18.42000000  85.61000000 
 -1.24000000  18.54000000  85.80000000 
 -1.23000000  18.63000000  85.98000000 
 -1.22000000  18.69000000  86.17000000 
 -1.21000000  18.72000000  86.36000000 
 -1.20000000  18.72000000  86.54000000 
 -1.19000000  18.68000000  86.73000000 
 -1.18000000  18.60000000  86.92000000 
 -1.17000000  18.50000000  87.10000000 
 -1.16000000  18.38000000  87.28000000 
 -1.15000000  18.25000000  87.47000000 
 -1.14000000  18.11000000  87.65000000 
 -1.13000000  17.97000000  87.83000000 
 -1.12000000  17.83000000  88.01000000 
 -1.11000000  17.70000000  88.18000000 
 -1.10000000  17.58000000  88.36000000 
 -1.09000000  17.46000000  88.53000000 
 -1.08000000  17.33000000  88.71000000 
 -1.07000000  17.20000000  88.88000000 
 -1.06000000  17.05000000  89.05000000 
 -1.05000000  16.89000000  89.22000000 
 -1.04000000  16.70000000  89.39000000 
 -1.03000000  16.50000000  89.55000000 
 -1.02000000  16.27000000  89.71000000 
 -1.01000000  16.03000000  89.87000000 
 -1.00000000  15.77000000  90.03000000 
 -0.99000000  15.50000000  90.19000000 
 -0.98000000  15.22000000  90.34000000 
 -0.97000000  14.94000000  90.49000000 
 -0.96000000  14.65000000  90.63000000 
 -0.95000000  14.35000000  90.78000000 
 -0.94000000  14.06000000  90.92000000 
 -0.93000000  13.76000000  91.06000000 
 -0.92000000  13.44000000  91.19000000 
 -0.91000000  13.12000000  91.32000000 
 -0.90000000  12.79000000  91.45000000 
 -0.89000000  12.44000000  91.57000000 
 -0.88000000  12.08000000  91.69000000 
 -0.87000000  11.70000000  91.81000000 
 -0.86000000  11.31000000  91.92000000 
 -0.85000000  10.92000000  92.03000000 
 -0.84000000  10.53000000  92.14000000 
 -0.83000000  10.16000000  92.24000000 
 -0.82000000   9.81500000  92.34000000 
 -0.81000000   9.50200000  92.43000000 
 -0.80000000   9.23400000  92.53000000 
 -0.79000000   9.01800000  92.62000000 
 -0.78000000   8.86200000  92.70000000 
 -0.77000000   8.77000000  92.79000000 
 -0.76000000   8.74300000  92.88000000 
 -0.75000000   8.78200000  92.97000000 
 -0.74000000   8.88200000  93.06000000 
 -0.73000000   9.03900000  93.15000000 
 -0.72000000   9.24600000  93.24000000 
 -0.71000000   9.49500000  93.33000000 
 -0.70000000   9.77600000  93.43000000 
 -0.69000000  10.08000000  93.53000000 
 -0.68000000  10.39000000  93.64000000 
 -0.67000000  10.71000000  93.74000000 
 -0.66000000  11.01000000  93.85000000 
 -0.65000000  11.28000000  93.97000000 
 -0.64000000  11.51000000  94.08000000 
 -0.63000000  11.69000000  94.20000000 
 -0.62000000  11.80000000  94.32000000 
 -0.61000000  11.83000000  94.44000000 
 -0.60000000  11.78000000  94.55000000 
 -0.59000000  11.65000000  94.67000000 
 -0.58000000  11.41000000  94.78000000 
 -0.57000000  11.09000000  94.89000000 
 -0.56000000  10.69000000  95.00000000 
 -0.55000000  10.21000000  95.10000000 
 -0.54000000   9.66600000  95.20000000 
 -0.53000000   9.07500000  95.29000000 
 -0.52000000   8.44800000  95.38000000 
 -0.51000000   7.79900000  95.45000000 
 -0.50000000   7.14400000  95.52000000 
 -0.49000000   6.49200000  95.59000000 
 -0.48000000   5.85500000  95.65000000 
 -0.47000000   5.24100000  95.70000000 
 -0.46000000   4.65500000  95.75000000 
 -0.45000000   4.10200000  95.79000000 
 -0.44000000   3.58600000  95.82000000 
 -0.43000000   3.10900000  95.86000000 
 -0.42000000   2.67100000  95.88000000 
 -0.41000000   2.27400000  95.90000000 
 -0.40000000   1.91600000  95.92000000 
 -0.39000000   1.59700000  95.94000000 
 -0.38000000   1.31700000  95.95000000 
 -0.37000000   1.07200000  95.96000000 
 -0.36000000   0.86260000  95.97000000 
 -0.35000000   0.68490000  95.98000000 
 -0.34000000   0.53650000  95.98000000 
 -0.33000000   0.41440000  95.99000000 
 -0.32000000   0.31550000  95.99000000 
 -0.31000000   0.23670000  95.99000000 
 -0.30000000   0.17490000  96.00000000 
 -0.29000000   0.12730000  96.00000000 
 -0.28000000   0.09117000  96.00000000 
 -0.27000000   0.06428000  96.00000000 
 -0.26000000   0.04460000  96.00000000 
 -0.25000000   0.03045000  96.00000000 
 -0.24000000   0.02045000  96.00000000 
 -0.23000000   0.01351000  96.00000000 
 -0.22000000   0.00878000  96.00000000 
 -0.21000000   0.00561000  96.00000000 
 -0.20000000   0.00352500  96.00000000 
 -0.19000000   0.00217700  96.00000000 
 -0.18000000   0.00132200  96.00000000 
 -0.17000000   0.00078930  96.00000000 
 -0.16000000   0.00046310  96.00000000 
 -0.15000000   0.00026700  96.00000000 
 -0.14000000   0.00015130  96.00000000 
 -0.13000000   0.00008421  96.00000000 
 -0.12000000   0.00004606  96.00000000 
 -0.11000000   0.00002475  96.00000000 
 -0.10000000   0.00001306  96.00000000 
 -0.09000000   0.00000677  96.00000000 
 -0.08000000   0.00000345  96.00000000 
 -0.07000000   0.00000172  96.00000000 
 -0.06000000   0.00000085  96.00000000 
 -0.05000000   0.00000041  96.00000000 
 -0.04000000   0.00000019  96.00000000 
 -0.03000000   0.00000009  96.00000000 
 -0.02000000   0.00000004  96.00000000 
 -0.01000000   0.00000002  96.00000000 
  0.00000000   0.00000001  96.00000000 
  0.01000000   0.00000000  96.00000000 
  0.02000000   0.00000000  96.00000000 
  0.03000000   0.00000000  96.00000000 
  0.04000000   0.00000000  96.00000000 
  0.05000000   0.00000000  96.00000000 
  0.06000000   0.00000000  96.00000000 
  0.07000000   0.00000000  96.00000000 
  0.08000000   0.00000000  96.00000000 
  0.09000000   0.00000000  96.00000000 
  0.10000000   0.00000000  96.00000000 
  0.11000000   0.00000000  96.00000000 
  0.12000000   0.00000000  96.00000000 
  0.13000000   0.00000000  96.00000000 
  0.14000000   0.00000000  96.00000000 
  0.15000000   0.00000000  96.00000000 
  0.16000000   0.00000000  96.00000000 
  0.17000000   0.00000000  96.00000000 
  0.18000000   0.00000000  96.00000000 
  0.19000000   0.00000000  96.00000000 
  0.20000000   0.00000000  96.00000000 
  0.21000000   0.00000000  96.00000000 
  0.22000000   0.00000000  96.00000000 
  0.23000000   0.00000000  96.00000000 
  0.24000000   0.00000000  96.00000000 
  0.25000000   0.00000000  96.00000000 
  0.26000000   0.00000000  96.00000000 
  0.27000000   0.00000000  96.00000000 
  0.28000000   0.00000000  96.00000000 
  0.29000000   0.00000000  96.00000000 
  0.30000000   0.00000000  96.00000000 
  0.31000000   0.00000000  96.00000000 
  0.32000000   0.00000000  96.00000000 
  0.33000000   0.00000000  96.00000000 
  0.34000000   0.00000000  96.00000000 
  0.35000000   0.00000000  96.00000000 
  0.36000000   0.00000000  96.00000000 
  0.37000000   0.00000000  96.00000000 
  0.38000000   0.00000000  96.00000000 
  0.39000000   0.00000000  96.00000000 
  0.40000000   0.00000000  96.00000000 
  0.41000000   0.00000000  96.00000000 
  0.42000000   0.00000000  96.00000000 
  0.43000000   0.00000000  96.00000000 
  0.44000000   0.00000000  96.00000000 
  0.45000000   0.00000000  96.00000000 
  0.46000000   0.00000000  96.00000000 
  0.47000000   0.00000000  96.00000000 
  0.48000000   0.00000000  96.00000000 
  0.49000000   0.00000000  96.00000000 
  0.50000000   0.00000000  96.00000000 
  0.51000000   0.00000000  96.00000000 
  0.52000000   0.00000000  96.00000000 
  0.53000000   0.00000000  96.00000000 
  0.54000000   0.00000000  96.00000000 
  0.55000000   0.00000000  96.00000000 
  0.56000000   0.00000000  96.00000000 
  0.57000000   0.00000000  96.00000000 
  0.58000000   0.00000000  96.00000000 
  0.59000000   0.00000000  96.00000000 
  0.60000000   0.00000000  96.00000000 
  0.61000000   0.00000000  96.00000000 
  0.62000000   0.00000000  96.00000000 
  0.63000000   0.00000000  96.00000000 
  0.64000000   0.00000000  96.00000000 
  0.65000000   0.00000000  96.00000000 
  0.66000000   0.00000000  96.00000000 
  0.67000000   0.00000000  96.00000000 
  0.68000000   0.00000000  96.00000000 
  0.69000000   0.00000000  96.00000000 
  0.70000000   0.00000000  96.00000000 
  0.71000000   0.00000000  96.00000000 
  0.72000000   0.00000000  96.00000000 
  0.73000000   0.00000000  96.00000000 
  0.74000000   0.00000000  96.00000000 
  0.75000000   0.00000000  96.00000000 
  0.76000000   0.00000000  96.00000000 
  0.77000000   0.00000000  96.00000000 
  0.78000000   0.00000000  96.00000000 
  0.79000000   0.00000000  96.00000000 
  0.80000000   0.00000000  96.00000000 
  0.81000000   0.00000000  96.00000000 
  0.82000000   0.00000000  96.00000000 
  0.83000000   0.00000000  96.00000000 
  0.84000000   0.00000000  96.00000000 
  0.85000000   0.00000000  96.00000000 
  0.86000000   0.00000000  96.00000000 
  0.87000000   0.00000000  96.00000000 
  0.88000000   0.00000000  96.00000000 
  0.89000000   0.00000000  96.00000000 
  0.90000000   0.00000000  96.00000000 
  0.91000000   0.00000000  96.00000000 
  0.92000000   0.00000000  96.00000000 
  0.93000000   0.00000000  96.00000000 
  0.94000000   0.00000000  96.00000000 
  0.95000000   0.00000000  96.00000000 
  0.96000000   0.00000000  96.00000000 
  0.97000000   0.00000000  96.00000000 
  0.98000000   0.00000000  96.00000000 
  0.99000000   0.00000000  96.00000000 
  1.00000000   0.00000000  96.00000000 
  1.01000000   0.00000000  96.00000000 
  1.02000000   0.00000000  96.00000000 
  1.03000000   0.00000000  96.00000000 
  1.04000000   0.00000000  96.00000000 
  1.05000000   0.00000000  96.00000000 
  1.06000000   0.00000000  96.00000000 
  1.07000000   0.00000000  96.00000000 
  1.08000000   0.00000000  96.00000000 
  1.09000000   0.00000000  96.00000000 
  1.10000000   0.00000000  96.00000000 
  1.11000000   0.00000000  96.00000000 
  1.12000000   0.00000000  96.00000000 
  1.13000000   0.00000000  96.00000000 
  1.14000000   0.00000000  96.00000000 
  1.15000000   0.00000000  96.00000000 
  1.16000000   0.00000000  96.00000000 
  1.17000000   0.00000000  96.00000000 
  1.18000000   0.00000000  96.00000000 
  1.19000000   0.00000000  96.00000000 
  1.20000000   0.00000000  96.00000000 
  1.21000000   0.00000000  96.00000000 
  1.22000000   0.00000000  96.00000000 
  1.23000000   0.00000000  96.00000000 
  1.24000000   0.00000000  96.00000000 
  1.25000000   0.00000000  96.00000000 
  1.26000000   0.00000000  96.00000000 
  1.27000000   0.00000000  96.00000000 
  1.28000000   0.00000000  96.00000000 
  1.29000000   0.00000000  96.00000000 
  1.30000000   0.00000000  96.00000000 
  1.31000000   0.00000000  96.00000000 
  1.32000000   0.00000000  96.00000000 
  1.33000000   0.00000000  96.00000000 
  1.34000000   0.00000000  96.00000000 
  1.35000000   0.00000000  96.00000000 
  1.36000000   0.00000000  96.00000000 
  1.37000000   0.00000000  96.00000000 
  1.38000000   0.00000000  96.00000000 
  1.39000000   0.00000000  96.00000000 
  1.40000000   0.00000000  96.00000000 
  1.41000000   0.00000000  96.00000000 
  1.42000000   0.00000000  96.00000000 
  1.43000000   0.00000000  96.00000000 
  1.44000000   0.00000000  96.00000000 
  1.45000000   0.00000000  96.00000000 
  1.46000000   0.00000000  96.00000000 
  1.47000000   0.00000000  96.00000000 
  1.48000000   0.00000000  96.00000000 
  1.49000000   0.00000000  96.00000000 
  1.50000000   0.00000000  96.00000000 
  1.51000000   0.00000000  96.00000000 
  1.52000000   0.00000000  96.00000000 
  1.53000000   0.00000000  96.00000000 
  1.54000000   0.00000000  96.00000000 
  1.55000000   0.00000001  96.00000000 
  1.56000000   0.00000002  96.00000000 
  1.57000000   0.00000005  96.00000000 
  1.58000000   0.00000010  96.00000000 
  1.59000000   0.00000021  96.00000000 
  1.60000000   0.00000042  96.00000000 
  1.61000000   0.00000083  96.00000000 
  1.62000000   0.00000159  96.00000000 
  1.63000000   0.00000301  96.00000000 
  1.64000000   0.00000559  96.00000000 
  1.65000000   0.00001015  96.00000000 
  1.66000000   0.00001808  96.00000000 
  1.67000000   0.00003157  96.00000000 
  1.68000000   0.00005402  96.00000000 
  1.69000000   0.00009061  96.00000000 
  1.70000000   0.00014900  96.00000000 
  1.71000000   0.00024010  96.00000000 
  1.72000000   0.00037940  96.00000000 
  1.73000000   0.00058750  96.00000000 
  1.74000000   0.00089180  96.00000000 
  1.75000000   0.00132700  96.00000000 
  1.76000000   0.00193600  96.00000000 
  1.77000000   0.00276700  96.00000000 
  1.78000000   0.00387800  96.00000000 
  1.79000000   0.00532800  96.00000000 
  1.80000000   0.00717500  96.00000000 
  1.81000000   0.00947100  96.00000000 
  1.82000000   0.01225000  96.00000000 
  1.83000000   0.01554000  96.00000000 
  1.84000000   0.01932000  96.00000000 
  1.85000000   0.02355000  96.00000000 
  1.86000000   0.02813000  96.00000000 
  1.87000000   0.03294000  96.00000000 
  1.88000000   0.03781000  96.00000000 
  1.89000000   0.04254000  96.00000000 
  1.90000000   0.04692000  96.00000000 
  1.91000000   0.05072000  96.00000000 
  1.92000000   0.05375000  96.00000000 
  1.93000000   0.05583000  96.00000000 
  1.94000000   0.05685000  96.01000000 
  1.95000000   0.05674000  96.01000000 
  1.96000000   0.05551000  96.01000000 
  1.97000000   0.05324000  96.01000000 
  1.98000000   0.05005000  96.01000000 
  1.99000000   0.04612000  96.01000000 
  2.00000000   0.04166000  96.01000000 
  2.01000000   0.03688000  96.01000000 
  2.02000000   0.03201000  96.01000000 
  2.03000000   0.02723000  96.01000000 
  2.04000000   0.02271000  96.01000000 
  2.05000000   0.01857000  96.01000000 
  2.06000000   0.01488000  96.01000000 
  2.07000000   0.01169000  96.01000000 
  2.08000000   0.00901000  96.01000000 
  2.09000000   0.00681600  96.01000000 
  2.10000000   0.00507000  96.01000000 
  2.11000000   0.00372700  96.01000000 
  2.12000000   0.00273500  96.01000000 
  2.13000000   0.00205100  96.01000000 
  2.14000000   0.00164400  96.01000000 
  2.15000000   0.00149600  96.01000000 
  2.16000000   0.00161600  96.01000000 
  2.17000000   0.00203600  96.01000000 
  2.18000000   0.00282000  96.01000000 
  2.19000000   0.00407000  96.01000000 
  2.20000000   0.00592300  96.01000000 
  2.21000000   0.00856000  96.01000000 
  2.22000000   0.01220000  96.01000000 
  2.23000000   0.01711000  96.01000000 
  2.24000000   0.02356000  96.01000000 
  2.25000000   0.03188000  96.01000000 
  2.26000000   0.04234000  96.01000000 
  2.27000000   0.05520000  96.01000000 
  2.28000000   0.07067000  96.01000000 
  2.29000000   0.08883000  96.01000000 
  2.30000000   0.10960000  96.01000000 
  2.31000000   0.13280000  96.02000000 
  2.32000000   0.15800000  96.02000000 
  2.33000000   0.18460000  96.02000000 
  2.34000000   0.21180000  96.02000000 
  2.35000000   0.23850000  96.02000000 
  2.36000000   0.26380000  96.03000000 
  2.37000000   0.28650000  96.03000000 
  2.38000000   0.30560000  96.03000000 
  2.39000000   0.32010000  96.04000000 
  2.40000000   0.32950000  96.04000000 
  2.41000000   0.33320000  96.04000000 
  2.42000000   0.33130000  96.05000000 
  2.43000000   0.32410000  96.05000000 
  2.44000000   0.31200000  96.05000000 
  2.45000000   0.29620000  96.06000000 
  2.46000000   0.27750000  96.06000000 
  2.47000000   0.25730000  96.06000000 
  2.48000000   0.23670000  96.06000000 
  2.49000000   0.21690000  96.07000000 
  2.50000000   0.19880000  96.07000000 
  2.51000000   0.18300000  96.07000000 
  2.52000000   0.17010000  96.07000000 
  2.53000000   0.16010000  96.07000000 
  2.54000000   0.15290000  96.07000000 
  2.55000000   0.14840000  96.08000000 
  2.56000000   0.14620000  96.08000000 
  2.57000000   0.14570000  96.08000000 
  2.58000000   0.14670000  96.08000000 
  2.59000000   0.14880000  96.08000000 
  2.60000000   0.15190000  96.08000000 
  2.61000000   0.15600000  96.08000000 
  2.62000000   0.16130000  96.09000000 
  2.63000000   0.16800000  96.09000000 
  2.64000000   0.17650000  96.09000000 
  2.65000000   0.18720000  96.09000000 
  2.66000000   0.20040000  96.09000000 
  2.67000000   0.21610000  96.10000000 
  2.68000000   0.23440000  96.10000000 
  2.69000000   0.25510000  96.10000000 
  2.70000000   0.27770000  96.10000000 
  2.71000000   0.30170000  96.11000000 
  2.72000000   0.32620000  96.11000000 
  2.73000000   0.35030000  96.11000000 
  2.74000000   0.37330000  96.12000000 
  2.75000000   0.39430000  96.12000000 
  2.76000000   0.41270000  96.12000000 
  2.77000000   0.42790000  96.13000000 
  2.78000000   0.43960000  96.13000000 
  2.79000000   0.44790000  96.14000000 
  2.80000000   0.45290000  96.14000000 
  2.81000000   0.45490000  96.15000000 
  2.82000000   0.45450000  96.15000000 
  2.83000000   0.45230000  96.16000000 
  2.84000000   0.44880000  96.16000000 
  2.85000000   0.44460000  96.16000000 
  2.86000000   0.44020000  96.17000000 
  2.87000000   0.43560000  96.17000000 
  2.88000000   0.43110000  96.18000000 
  2.89000000   0.42630000  96.18000000 
  2.90000000   0.42080000  96.19000000 
  2.91000000   0.41430000  96.19000000 
  2.92000000   0.40600000  96.19000000 
  2.93000000   0.39550000  96.20000000 
  2.94000000   0.38230000  96.20000000 
  2.95000000   0.36610000  96.21000000 
  2.96000000   0.34680000  96.21000000 
  2.97000000   0.32460000  96.21000000 
  2.98000000   0.29990000  96.22000000 
  2.99000000   0.27340000  96.22000000 
  3.00000000   0.24580000  96.22000000 
  3.01000000   0.21810000  96.22000000 
  3.02000000   0.19120000  96.22000000 
  3.03000000   0.16620000  96.23000000 
  3.04000000   0.14380000  96.23000000 
  3.05000000   0.12480000  96.23000000 
  3.06000000   0.10980000  96.23000000 
  3.07000000   0.09932000  96.23000000 
  3.08000000   0.09358000  96.23000000 
  3.09000000   0.09274000  96.23000000 
  3.10000000   0.09678000  96.23000000 
  3.11000000   0.10550000  96.24000000 
  3.12000000   0.11870000  96.24000000 
  3.13000000   0.13580000  96.24000000 
  3.14000000   0.15640000  96.24000000 
  3.15000000   0.17980000  96.24000000 
  3.16000000   0.20530000  96.24000000 
  3.17000000   0.23220000  96.25000000 
  3.18000000   0.25980000  96.25000000 
  3.19000000   0.28730000  96.25000000 
  3.20000000   0.31410000  96.25000000 
  3.21000000   0.33990000  96.26000000 
  3.22000000   0.36410000  96.26000000 
  3.23000000   0.38660000  96.27000000 
  3.24000000   0.40720000  96.27000000 
  3.25000000   0.42600000  96.27000000 
  3.26000000   0.44290000  96.28000000 
  3.27000000   0.45810000  96.28000000 
  3.28000000   0.47160000  96.29000000 
  3.29000000   0.48340000  96.29000000 
  3.30000000   0.49350000  96.30000000 
  3.31000000   0.50180000  96.30000000 
  3.32000000   0.50830000  96.31000000 
  3.33000000   0.51280000  96.31000000 
  3.34000000   0.51520000  96.32000000 
  3.35000000   0.51550000  96.32000000 
  3.36000000   0.51390000  96.33000000 
  3.37000000   0.51060000  96.33000000 
  3.38000000   0.50600000  96.34000000 
  3.39000000   0.50080000  96.34000000 
  3.40000000   0.49570000  96.35000000 
  3.41000000   0.49160000  96.35000000 
  3.42000000   0.48950000  96.36000000 
  3.43000000   0.49040000  96.36000000 
  3.44000000   0.49510000  96.37000000 
  3.45000000   0.50420000  96.37000000 
  3.46000000   0.51830000  96.38000000 
  3.47000000   0.53740000  96.38000000 
  3.48000000   0.56130000  96.39000000 
  3.49000000   0.58960000  96.39000000 
  3.50000000   0.62160000  96.40000000 
  3.51000000   0.65630000  96.41000000 
  3.52000000   0.69270000  96.41000000 
  3.53000000   0.73000000  96.42000000 
  3.54000000   0.76720000  96.43000000 
  3.55000000   0.80350000  96.44000000 
  3.56000000   0.83840000  96.45000000 
  3.57000000   0.87150000  96.45000000 
  3.58000000   0.90270000  96.46000000 
  3.59000000   0.93170000  96.47000000 
  3.60000000   0.95850000  96.48000000 
  3.61000000   0.98310000  96.49000000 
  3.62000000   1.00600000  96.50000000 
  3.63000000   1.02500000  96.51000000 
  3.64000000   1.04300000  96.52000000 
  3.65000000   1.05700000  96.53000000 
  3.66000000   1.06800000  96.54000000 
  3.67000000   1.07600000  96.55000000 
  3.68000000   1.07900000  96.57000000 
  3.69000000   1.07900000  96.58000000 
  3.70000000   1.07300000  96.59000000 
  3.71000000   1.06200000  96.60000000 
  3.72000000   1.04600000  96.61000000 
  3.73000000   1.02500000  96.62000000 
  3.74000000   0.99750000  96.63000000 
  3.75000000   0.96460000  96.64000000 
  3.76000000   0.92620000  96.65000000 
  3.77000000   0.88300000  96.66000000 
  3.78000000   0.83580000  96.66000000 
  3.79000000   0.78580000  96.67000000 
  3.80000000   0.73470000  96.68000000 
  3.81000000   0.68430000  96.69000000 
  3.82000000   0.63680000  96.69000000 
  3.83000000   0.59420000  96.70000000 
  3.84000000   0.55860000  96.70000000 
  3.85000000   0.53190000  96.71000000 
  3.86000000   0.51550000  96.71000000 
  3.87000000   0.51030000  96.72000000 
  3.88000000   0.51660000  96.73000000 
  3.89000000   0.53400000  96.73000000 
  3.90000000   0.56140000  96.74000000 
  3.91000000   0.59730000  96.74000000 
  3.92000000   0.63960000  96.75000000 
  3.93000000   0.68590000  96.76000000 
  3.94000000   0.73360000  96.76000000 
  3.95000000   0.78020000  96.77000000 
  3.96000000   0.82340000  96.78000000 
  3.97000000   0.86110000  96.79000000 
  3.98000000   0.89160000  96.80000000 
  3.99000000   0.91390000  96.81000000 
  4.00000000   0.92740000  96.81000000 
  4.01000000   0.93200000  96.82000000 
  4.02000000   0.92820000  96.83000000 
  4.03000000   0.91680000  96.84000000 
  4.04000000   0.89910000  96.85000000 
  4.05000000   0.87650000  96.86000000 
  4.06000000   0.85060000  96.87000000 
  4.07000000   0.82280000  96.88000000 
  4.08000000   0.79470000  96.88000000 
  4.09000000   0.76740000  96.89000000 
  4.10000000   0.74200000  96.90000000 
  4.11000000   0.71900000  96.91000000 
  4.12000000   0.69880000  96.91000000 
  4.13000000   0.68170000  96.92000000 
  4.14000000   0.66740000  96.93000000 
  4.15000000   0.65590000  96.93000000 
  4.16000000   0.64720000  96.94000000 
  4.17000000   0.64130000  96.95000000 
  4.18000000   0.63840000  96.95000000 
  4.19000000   0.63920000  96.96000000 
  4.20000000   0.64430000  96.97000000 
  4.21000000   0.65470000  96.97000000 
  4.22000000   0.67120000  96.98000000 
  4.23000000   0.69480000  96.99000000 
  4.24000000   0.72590000  96.99000000 
  4.25000000   0.76470000  97.00000000 
  4.26000000   0.81050000  97.01000000 
  4.27000000   0.86220000  97.02000000 
  4.28000000   0.91820000  97.03000000 
  4.29000000   0.97620000  97.04000000 
  4.30000000   1.03400000  97.05000000 
  4.31000000   1.08800000  97.06000000 
  4.32000000   1.13700000  97.07000000 
  4.33000000   1.17900000  97.08000000 
  4.34000000   1.21200000  97.09000000 
  4.35000000   1.23600000  97.11000000 
  4.36000000   1.25100000  97.12000000 
  4.37000000   1.26000000  97.13000000 
  4.38000000   1.26200000  97.14000000 
  4.39000000   1.26100000  97.16000000 
  4.40000000   1.25800000  97.17000000 
  4.41000000   1.25600000  97.18000000 
  4.42000000   1.25600000  97.19000000 
  4.43000000   1.26000000  97.21000000 
  4.44000000   1.26700000  97.22000000 
  4.45000000   1.27800000  97.23000000 
  4.46000000   1.29300000  97.24000000 
  4.47000000   1.31100000  97.26000000 
  4.48000000   1.33100000  97.27000000 
  4.49000000   1.35300000  97.28000000 
  4.50000000   1.37600000  97.30000000 
  4.51000000   1.40200000  97.31000000 
  4.52000000   1.43100000  97.33000000 
  4.53000000   1.46300000  97.34000000 
  4.54000000   1.50000000  97.36000000 
  4.55000000   1.54100000  97.37000000 
  4.56000000   1.58800000  97.39000000 
  4.57000000   1.64000000  97.40000000 
  4.58000000   1.69500000  97.42000000 
  4.59000000   1.75300000  97.44000000 
  4.60000000   1.81100000  97.46000000 
  4.61000000   1.86700000  97.48000000 
  4.62000000   1.91700000  97.49000000 
  4.63000000   1.96000000  97.51000000 
  4.64000000   1.99300000  97.53000000 
